1000169499
1001169499
1002169499
1003169499
1004169499
1005169499
1006169499
1007169499
1008169499
1009169499
1010169499
1011169499
1012169499
1013169499
1014169499
1015169499
1016169499
1017169499
1018169499
1019169499
1020169499
1021169499
1022169499
1023169499
1024169499
1025169499
1026169499
1027169499
1028169499
1029169499
1030169499
1031169499
1032169499
1033169499
1034169499
1035169499
1036169499
1037169499
1038169499
1039169499
1040169499
1041169499
1042169499
1043169499
1044169499
1045169499
1046169499
1047169499
1048169499
1049169499
1050169499
1051169499
1052169499
1053169499
1054169499
1055169499
1056169499
1057169499
1058169499
1059169499
1060169499
1061169499
1062169499
1063169499
1064169499
1065169499
1066169499
1067169499
1068169499
1069169499
1070169499
1071169499
1072169499
1073169499
1074169499
1075169499
1076169499
1077169499
1078169499
1079169499
1080169499
1081169499
1082169499
1083169499
1084169499
1085169499
1086169499
1087169499
1088169499
1089169499
1090169499
1091169499
1092169499
1093169499
1094169499
1095169499
1096169499
1097169499
1098169499
1099169499
1100169499
1101169499
1102169499
1103169499
1104169499
1105169499
1106169499
1107169499
1108169499
1109169499
1110169499
1111169499
1112169499
1113169499
1114169499
1115169499
1116169499
1117169499
1118169499
1119169499
1120169499
1121169499
1122169499
1123169499
1124169499
1125169499
1126169499
1127169499
1128169499
1129169499
1130169499
1131169499
1132169499
1133169499
1134169499
1135169499
1136169499
1137169499
1138169499
1139169499
1140169499
1141169499
1142169499
1143169499
1144169499
1145169499
1146169499
1147169499
1148169499
1149169499
1150169499
1151169499
1152169499
1153169499
1154169499
1155169499
1156169499
1157169499
1158169499
1159169499
1160169499
1161169499
1162169499
1163169499
1164169499
1165169499
1166169499
1167169499
1168169499
1169169499
1170169499
1171169499
1172169499
1173169499
1174169499
1175169499
1176169499
1177169499
1178169499
1179169499
1180169499
1181169499
1182169499
1183169499
1184169499
1185169499
1186169499
1187169499
1188169499
1189169499
1190169499
1191169499
1192169499
1193169499
1194169499
1195169499
1196169499
1197169499
1198169499
1199169499
1200169499
1201169499
1202169499
1203169499
1204169499
1205169499
1206169499
1207169499
1208169499
1209169499
1210169499
1211169499
1212169499
1213169499
1214169499
1215169499
1216169499
1217169499
1218169499
1219169499
1220169499
1221169499
1222169499
1223169499
1224169499
1225169499
1226169499
1227169499
1228169499
1229169499
1230169499
1231169499
1232169499
1233169499
1234169499
1235169499
1236169499
1237169499
1238169499
1239169499
1240169499
1241169499
1242169499
1243169499
1244169499
1245169499
1246169499
1247169499
1248169499
1249169499
1250169499
1251169499
1252169499
1253169499
1254169499
1255169499
1256169499
1257169499
1258169499
1259169499
1260169499
1261169499
1262169499
1263169499
1264169499
1265169499
1266169499
1267169499
1268169499
1269169499
1270169499
1271169499
1272169499
1273169499
1274169499
1275169499
1276169499
1277169499
1278169499
1279169499
1280169499
1281169499
1282169499
1283169499
1284169499
1285169499
1286169499
1287169499
1288169499
1289169499
1290169499
1291169499
1292169499
1293169499
1294169499
1295169499
1296169499
1297169499
1298169499
1299169499
1300169499
1301169499
1302169499
1303169499
1304169499
1305169499
1306169499
1307169499
1308169499
1309169499
1310169499
1311169499
1312169499
1313169499
1314169499
1315169499
1316169499
1317169499
1318169499
1319169499
1320169499
1321169499
1322169499
1323169499
1324169499
1325169499
1326169499
1327169499
1328169499
1329169499
1330169499
1331169499
1332169499
1333169499
1334169499
1335169499
1336169499
1337169499
1338169499
1339169499
1340169499
1341169499
1342169499
1343169499
1344169499
1345169499
1346169499
1347169499
1348169499
1349169499
1350169499
1351169499
1352169499
1353169499
1354169499
1355169499
1356169499
1357169499
1358169499
1359169499
1360169499
1361169499
1362169499
1363169499
1364169499
1365169499
1366169499
1367169499
1368169499
1369169499
1370169499
1371169499
1372169499
1373169499
1374169499
1375169499
1376169499
1377169499
1378169499
1379169499
1380169499
1381169499
1382169499
1383169499
1384169499
1385169499
1386169499
1387169499
1388169499
1389169499
1390169499
1391169499
1392169499
1393169499
1394169499
1395169499
1396169499
1397169499
1398169499
1399169499
1400169499
1401169499
1402169499
1403169499
1404169499
1405169499
1406169499
1407169499
1408169499
1409169499
1410169499
1411169499
1412169499
1413169499
1414169499
1415169499
1416169499
1417169499
1418169499
1419169499
1420169499
1421169499
1422169499
1423169499
1424169499
1425169499
1426169499
1427169499
1428169499
1429169499
1430169499
1431169499
1432169499
1433169499
1434169499
1435169499
1436169499
1437169499
1438169499
1439169499
1440169499
1441169499
1442169499
1443169499
1444169499
1445169499
1446169499
1447169499
1448169499
1449169499
1450169499
1451169499
1452169499
1453169499
1454169499
1455169499
1456169499
1457169499
1458169499
1459169499
1460169499
1461169499
1462169499
1463169499
1464169499
1465169499
1466169499
1467169499
1468169499
1469169499
1470169499
1471169499
1472169499
1473169499
1474169499
1475169499
1476169499
1477169499
1478169499
1479169499
1480169499
1481169499
1482169499
1483169499
1484169499
1485169499
1486169499
1487169499
1488169499
1489169499
1490169499
1491169499
1492169499
1493169499
1494169499
1495169499
1496169499
1497169499
1498169499
1499169499
1500169499
1501169499
1502169499
1503169499
1504169499
1505169499
1506169499
1507169499
1508169499
1509169499
1510169499
1511169499
1512169499
1513169499
1514169499
1515169499
1516169499
1517169499
1518169499
1519169499
1520169499
1521169499
1522169499
1523169499
1524169499
1525169499
1526169499
1527169499
1528169499
1529169499
1530169499
1531169499
1532169499
1533169499
1534169499
1535169499
1536169499
1537169499
1538169499
1539169499
1540169499
1541169499
1542169499
1543169499
1544169499
1545169499
1546169499
1547169499
1548169499
1549169499
1550169499
1551169499
1552169499
1553169499
1554169499
1555169499
1556169499
1557169499
1558169499
1559169499
1560169499
1561169499
1562169499
1563169499
1564169499
1565169499
1566169499
1567169499
1568169499
1569169499
1570169499
1571169499
1572169499
1573169499
1574169499
1575169499
1576169499
1577169499
1578169499
1579169499
1580169499
1581169499
1582169499
1583169499
1584169499
1585169499
1586169499
1587169499
1588169499
1589169499
1590169499
1591169499
1592169499
1593169499
1594169499
1595169499
1596169499
1597169499
1598169499
1599169499
1600169499
1601169499
1602169499
1603169499
1604169499
1605169499
1606169499
1607169499
1608169499
1609169499
1610169499
1611169499
1612169499
1613169499
1614169499
1615169499
1616169499
1617169499
1618169499
1619169499
1620169499
1621169499
1622169499
1623169499
1624169499
1625169499
1626169499
1627169499
1628169499
1629169499
1630169499
1631169499
1632169499
1633169499
1634169499
1635169499
1636169499
1637169499
1638169499
1639169499
1640169499
1641169499
1642169499
1643169499
1644169499
1645169499
1646169499
1647169499
1648169499
1649169499
1650169499
1651169499
1652169499
1653169499
1654169499
1655169499
1656169499
1657169499
1658169499
1659169499
1660169499
1661169499
1662169499
1663169499
1664169499
1665169499
1666169499
1667169499
1668169499
1669169499
1670169499
1671169499
1672169499
1673169499
1674169499
1675169499
1676169499
1677169499
1678169499
1679169499
1680169499
1681169499
1682169499
1683169499
1684169499
1685169499
1686169499
1687169499
1688169499
1689169499
1690169499
1691169499
1692169499
1693169499
1694169499
1695169499
1696169499
1697169499
1698169499
1699169499
1700169499
1701169499
1702169499
1703169499
1704169499
1705169499
1706169499
1707169499
1708169499
1709169499
1710169499
1711169499
1712169499
1713169499
1714169499
1715169499
1716169499
1717169499
1718169499
1719169499
1720169499
1721169499
1722169499
1723169499
1724169499
1725169499
1726169499
1727169499
1728169499
1729169499
1730169499
1731169499
1732169499
1733169499
1734169499
1735169499
1736169499
1737169499
1738169499
1739169499
1740169499
1741169499
1742169499
1743169499
1744169499
1745169499
1746169499
1747169499
1748169499
1749169499
1750169499
1751169499
1752169499
1753169499
1754169499
1755169499
1756169499
1757169499
1758169499
1759169499
1760169499
1761169499
1762169499
1763169499
1764169499
1765169499
1766169499
1767169499
1768169499
1769169499
1770169499
1771169499
1772169499
1773169499
1774169499
1775169499
1776169499
1777169499
1778169499
1779169499
1780169499
1781169499
1782169499
1783169499
1784169499
1785169499
1786169499
1787169499
1788169499
1789169499
1790169499
1791169499
1792169499
1793169499
1794169499
1795169499
1796169499
1797169499
1798169499
1799169499
1800169499
1801169499
1802169499
1803169499
1804169499
1805169499
1806169499
1807169499
1808169499
1809169499
1810169499
1811169499
1812169499
1813169499
1814169499
1815169499
1816169499
1817169499
1818169499
1819169499
1820169499
1821169499
1822169499
1823169499
1824169499
1825169499
1826169499
1827169499
1828169499
1829169499
1830169499
1831169499
1832169499
1833169499
1834169499
1835169499
1836169499
1837169499
1838169499
1839169499
1840169499
1841169499
1842169499
1843169499
1844169499
1845169499
1846169499
1847169499
1848169499
1849169499
1850169499
1851169499
1852169499
1853169499
1854169499
1855169499
1856169499
1857169499
1858169499
1859169499
1860169499
1861169499
1862169499
1863169499
1864169499
1865169499
1866169499
1867169499
1868169499
1869169499
1870169499
1871169499
1872169499
1873169499
1874169499
1875169499
1876169499
1877169499
1878169499
1879169499
1880169499
1881169499
1882169499
1883169499
1884169499
1885169499
1886169499
1887169499
1888169499
1889169499
1890169499
1891169499
1892169499
1893169499
1894169499
1895169499
1896169499
1897169499
1898169499
1899169499
1900169499
1901169499
1902169499
1903169499
1904169499
1905169499
1906169499
1907169499
1908169499
1909169499
1910169499
1911169499
1912169499
1913169499
1914169499
1915169499
1916169499
1917169499
1918169499
1919169499
1920169499
1921169499
1922169499
1923169499
1924169499
1925169499
1926169499
1927169499
1928169499
1929169499
1930169499
1931169499
1932169499
1933169499
1934169499
1935169499
1936169499
1937169499
1938169499
1939169499
1940169499
1941169499
1942169499
1943169499
1944169499
1945169499
1946169499
1947169499
1948169499
1949169499
1950169499
1951169499
1952169499
1953169499
1954169499
1955169499
1956169499
1957169499
1958169499
1959169499
1960169499
1961169499
1962169499
1963169499
1964169499
1965169499
1966169499
1967169499
1968169499
1969169499
1970169499
1971169499
1972169499
1973169499
1974169499
1975169499
1976169499
1977169499
1978169499
1979169499
1980169499
1981169499
1982169499
1983169499
1984169499
1985169499
1986169499
1987169499
1988169499
1989169499
1990169499
1991169499
1992169499
1993169499
1994169499
1995169499
1996169499
1997169499
1998169499
1999169499
2000169499
2001169499
2002169499
2003169499
2004169499
2005169499
2006169499
2007169499
2008169499
2009169499
2010169499
2011169499
2012169499
2013169499
2014169499
2015169499
2016169499
2017169499
2018169499
2019169499
2020169499
2021169499
2022169499
2023169499
2024169499
2025169499
2026169499
2027169499
2028169499
2029169499
2030169499
2031169499
2032169499
2033169499
2034169499
2035169499
2036169499
2037169499
2038169499
2039169499
2040169499
2041169499
2042169499
2043169499
2044169499
2045169499
2046169499
2047169499
2048169499
2049169499
2050169499
2051169499
2052169499
2053169499
2054169499
2055169499
2056169499
2057169499
2058169499
2059169499
2060169499
2061169499
2062169499
2063169499
2064169499
2065169499
2066169499
2067169499
2068169499
2069169499
2070169499
2071169499
2072169499
2073169499
2074169499
2075169499
2076169499
2077169499
2078169499
2079169499
2080169499
2081169499
2082169499
2083169499
2084169499
2085169499
2086169499
2087169499
2088169499
2089169499
2090169499
2091169499
2092169499
2093169499
2094169499
2095169499
2096169499
2097169499
2098169499
2099169499
2100169499
2101169499
2102169499
2103169499
2104169499
2105169499
2106169499
2107169499
2108169499
2109169499
2110169499
2111169499
2112169499
2113169499
2114169499
2115169499
2116169499
2117169499
2118169499
2119169499
2120169499
2121169499
2122169499
2123169499
2124169499
2125169499
2126169499
2127169499
2128169499
2129169499
2130169499
2131169499
2132169499
2133169499
2134169499
2135169499
2136169499
2137169499
2138169499
2139169499
2140169499
2141169499
2142169499
2143169499
2144169499
2145169499
2146169499
2147169499
2148169499
2149169499
2150169499
2151169499
2152169499
2153169499
2154169499
2155169499
2156169499
2157169499
2158169499
2159169499
2160169499
2161169499
2162169499
2163169499
2164169499
2165169499
2166169499
2167169499
2168169499
2169169499
2170169499
2171169499
2172169499
2173169499
2174169499
2175169499
2176169499
2177169499
2178169499
2179169499
2180169499
2181169499
2182169499
2183169499
2184169499
2185169499
2186169499
2187169499
2188169499
2189169499
2190169499
2191169499
2192169499
2193169499
2194169499
2195169499
2196169499
2197169499
2198169499
2199169499
2200169499
2201169499
2202169499
2203169499
2204169499
2205169499
2206169499
2207169499
2208169499
2209169499
2210169499
2211169499
2212169499
2213169499
2214169499
2215169499
2216169499
2217169499
2218169499
2219169499
2220169499
2221169499
2222169499
2223169499
2224169499
2225169499
2226169499
2227169499
2228169499
2229169499
2230169499
2231169499
2232169499
2233169499
2234169499
2235169499
2236169499
2237169499
2238169499
2239169499
2240169499
2241169499
2242169499
2243169499
2244169499
2245169499
2246169499
2247169499
2248169499
2249169499
2250169499
2251169499
2252169499
2253169499
2254169499
2255169499
2256169499
2257169499
2258169499
2259169499
2260169499
2261169499
2262169499
2263169499
2264169499
2265169499
2266169499
2267169499
2268169499
2269169499
2270169499
2271169499
2272169499
2273169499
2274169499
2275169499
2276169499
2277169499
2278169499
2279169499
2280169499
2281169499
2282169499
2283169499
2284169499
2285169499
2286169499
2287169499
2288169499
2289169499
2290169499
2291169499
2292169499
2293169499
2294169499
2295169499
2296169499
2297169499
2298169499
2299169499
2300169499
2301169499
2302169499
2303169499
2304169499
2305169499
2306169499
2307169499
2308169499
2309169499
2310169499
2311169499
2312169499
2313169499
2314169499
2315169499
2316169499
2317169499
2318169499
2319169499
2320169499
2321169499
2322169499
2323169499
2324169499
2325169499
2326169499
2327169499
2328169499
2329169499
2330169499
2331169499
2332169499
2333169499
2334169499
2335169499
2336169499
2337169499
2338169499
2339169499
2340169499
2341169499
2342169499
2343169499
2344169499
2345169499
2346169499
2347169499
2348169499
2349169499
2350169499
2351169499
2352169499
2353169499
2354169499
2355169499
2356169499
2357169499
2358169499
2359169499
2360169499
2361169499
2362169499
2363169499
2364169499
2365169499
2366169499
2367169499
2368169499
2369169499
2370169499
2371169499
2372169499
2373169499
2374169499
2375169499
2376169499
2377169499
2378169499
2379169499
2380169499
2381169499
2382169499
2383169499
2384169499
2385169499
2386169499
2387169499
2388169499
2389169499
2390169499
2391169499
2392169499
2393169499
2394169499
2395169499
2396169499
2397169499
2398169499
2399169499
2400169499
2401169499
2402169499
2403169499
2404169499
2405169499
2406169499
2407169499
2408169499
2409169499
2410169499
2411169499
2412169499
2413169499
2414169499
2415169499
2416169499
2417169499
2418169499
2419169499
2420169499
2421169499
2422169499
2423169499
2424169499
2425169499
2426169499
2427169499
2428169499
2429169499
2430169499
2431169499
2432169499
2433169499
2434169499
2435169499
2436169499
2437169499
2438169499
2439169499
2440169499
2441169499
2442169499
2443169499
2444169499
2445169499
2446169499
2447169499
2448169499
2449169499
2450169499
2451169499
2452169499
2453169499
2454169499
2455169499
2456169499
2457169499
2458169499
2459169499
2460169499
2461169499
2462169499
2463169499
2464169499
2465169499
2466169499
2467169499
2468169499
2469169499
2470169499
2471169499
2472169499
2473169499
2474169499
2475169499
2476169499
2477169499
2478169499
2479169499
2480169499
2481169499
2482169499
2483169499
2484169499
2485169499
2486169499
2487169499
2488169499
2489169499
2490169499
2491169499
2492169499
2493169499
2494169499
2495169499
2496169499
2497169499
2498169499
2499169499
2500169499
2501169499
2502169499
2503169499
2504169499
2505169499
2506169499
2507169499
2508169499
2509169499
2510169499
2511169499
2512169499
2513169499
2514169499
2515169499
2516169499
2517169499
2518169499
2519169499
2520169499
2521169499
2522169499
2523169499
2524169499
2525169499
2526169499
2527169499
2528169499
2529169499
2530169499
2531169499
2532169499
2533169499
2534169499
2535169499
2536169499
2537169499
2538169499
2539169499
2540169499
2541169499
2542169499
2543169499
2544169499
2545169499
2546169499
2547169499
2548169499
2549169499
2550169499
2551169499
2552169499
2553169499
2554169499
2555169499
2556169499
2557169499
2558169499
2559169499
2560169499
2561169499
2562169499
2563169499
2564169499
2565169499
2566169499
2567169499
2568169499
2569169499
2570169499
2571169499
2572169499
2573169499
2574169499
2575169499
2576169499
2577169499
2578169499
2579169499
2580169499
2581169499
2582169499
2583169499
2584169499
2585169499
2586169499
2587169499
2588169499
2589169499
2590169499
2591169499
2592169499
2593169499
2594169499
2595169499
2596169499
2597169499
2598169499
2599169499
2600169499
2601169499
2602169499
2603169499
2604169499
2605169499
2606169499
2607169499
2608169499
2609169499
2610169499
2611169499
2612169499
2613169499
2614169499
2615169499
2616169499
2617169499
2618169499
2619169499
2620169499
2621169499
2622169499
2623169499
2624169499
2625169499
2626169499
2627169499
2628169499
2629169499
2630169499
2631169499
2632169499
2633169499
2634169499
2635169499
2636169499
2637169499
2638169499
2639169499
2640169499
2641169499
2642169499
2643169499
2644169499
2645169499
2646169499
2647169499
2648169499
2649169499
2650169499
2651169499
2652169499
2653169499
2654169499
2655169499
2656169499
2657169499
2658169499
2659169499
2660169499
2661169499
2662169499
2663169499
2664169499
2665169499
2666169499
2667169499
2668169499
2669169499
2670169499
2671169499
2672169499
2673169499
2674169499
2675169499
2676169499
2677169499
2678169499
2679169499
2680169499
2681169499
2682169499
2683169499
2684169499
2685169499
2686169499
2687169499
2688169499
2689169499
2690169499
2691169499
2692169499
2693169499
2694169499
2695169499
2696169499
2697169499
2698169499
2699169499
2700169499
2701169499
2702169499
2703169499
2704169499
2705169499
2706169499
2707169499
2708169499
2709169499
2710169499
2711169499
2712169499
2713169499
2714169499
2715169499
2716169499
2717169499
2718169499
2719169499
2720169499
2721169499
2722169499
2723169499
2724169499
2725169499
2726169499
2727169499
2728169499
2729169499
2730169499
2731169499
2732169499
2733169499
2734169499
2735169499
2736169499
2737169499
2738169499
2739169499
2740169499
2741169499
2742169499
2743169499
2744169499
2745169499
2746169499
2747169499
2748169499
2749169499
2750169499
2751169499
2752169499
2753169499
2754169499
2755169499
2756169499
2757169499
2758169499
2759169499
2760169499
2761169499
2762169499
2763169499
2764169499
2765169499
2766169499
2767169499
2768169499
2769169499
2770169499
2771169499
2772169499
2773169499
2774169499
2775169499
2776169499
2777169499
2778169499
2779169499
2780169499
2781169499
2782169499
2783169499
2784169499
2785169499
2786169499
2787169499
2788169499
2789169499
2790169499
2791169499
2792169499
2793169499
2794169499
2795169499
2796169499
2797169499
2798169499
2799169499
2800169499
2801169499
2802169499
2803169499
2804169499
2805169499
2806169499
2807169499
2808169499
2809169499
2810169499
2811169499
2812169499
2813169499
2814169499
2815169499
2816169499
2817169499
2818169499
2819169499
2820169499
2821169499
2822169499
2823169499
2824169499
2825169499
2826169499
2827169499
2828169499
2829169499
2830169499
2831169499
2832169499
2833169499
2834169499
2835169499
2836169499
2837169499
2838169499
2839169499
2840169499
2841169499
2842169499
2843169499
2844169499
2845169499
2846169499
2847169499
2848169499
2849169499
2850169499
2851169499
2852169499
2853169499
2854169499
2855169499
2856169499
2857169499
2858169499
2859169499
2860169499
2861169499
2862169499
2863169499
2864169499
2865169499
2866169499
2867169499
2868169499
2869169499
2870169499
2871169499
2872169499
2873169499
2874169499
2875169499
2876169499
2877169499
2878169499
2879169499
2880169499
2881169499
2882169499
2883169499
2884169499
2885169499
2886169499
2887169499
2888169499
2889169499
2890169499
2891169499
2892169499
2893169499
2894169499
2895169499
2896169499
2897169499
2898169499
2899169499
2900169499
2901169499
2902169499
2903169499
2904169499
2905169499
2906169499
2907169499
2908169499
2909169499
2910169499
2911169499
2912169499
2913169499
2914169499
2915169499
2916169499
2917169499
2918169499
2919169499
2920169499
2921169499
2922169499
2923169499
2924169499
2925169499
2926169499
2927169499
2928169499
2929169499
2930169499
2931169499
2932169499
2933169499
2934169499
2935169499
2936169499
2937169499
2938169499
2939169499
2940169499
2941169499
2942169499
2943169499
2944169499
2945169499
2946169499
2947169499
2948169499
2949169499
2950169499
2951169499
2952169499
2953169499
2954169499
2955169499
2956169499
2957169499
2958169499
2959169499
2960169499
2961169499
2962169499
2963169499
2964169499
2965169499
2966169499
2967169499
2968169499
2969169499
2970169499
2971169499
2972169499
2973169499
2974169499
2975169499
2976169499
2977169499
2978169499
2979169499
2980169499
2981169499
2982169499
2983169499
2984169499
2985169499
2986169499
2987169499
2988169499
2989169499
2990169499
2991169499
2992169499
2993169499
2994169499
2995169499
2996169499
2997169499
2998169499
2999169499
3000169499
3001169499
3002169499
3003169499
3004169499
3005169499
3006169499
3007169499
3008169499
3009169499
3010169499
3011169499
3012169499
3013169499
3014169499
3015169499
3016169499
3017169499
3018169499
3019169499
3020169499
3021169499
3022169499
3023169499
3024169499
3025169499
3026169499
3027169499
3028169499
3029169499
3030169499
3031169499
3032169499
3033169499
3034169499
3035169499
3036169499
3037169499
3038169499
3039169499
3040169499
3041169499
3042169499
3043169499
3044169499
3045169499
3046169499
3047169499
3048169499
3049169499
3050169499
3051169499
3052169499
3053169499
3054169499
3055169499
3056169499
3057169499
3058169499
3059169499
3060169499
3061169499
3062169499
3063169499
3064169499
3065169499
3066169499
3067169499
3068169499
3069169499
3070169499
3071169499
3072169499
3073169499
3074169499
3075169499
3076169499
3077169499
3078169499
3079169499
3080169499
3081169499
3082169499
3083169499
3084169499
3085169499
3086169499
3087169499
3088169499
3089169499
3090169499
3091169499
3092169499
3093169499
3094169499
3095169499
3096169499
3097169499
3098169499
3099169499
3100169499
3101169499
3102169499
3103169499
3104169499
3105169499
3106169499
3107169499
3108169499
3109169499
3110169499
3111169499
3112169499
3113169499
3114169499
3115169499
3116169499
3117169499
3118169499
3119169499
3120169499
3121169499
3122169499
3123169499
3124169499
3125169499
3126169499
3127169499
3128169499
3129169499
3130169499
3131169499
3132169499
3133169499
3134169499
3135169499
3136169499
3137169499
3138169499
3139169499
3140169499
3141169499
3142169499
3143169499
3144169499
3145169499
3146169499
3147169499
3148169499
3149169499
3150169499
3151169499
3152169499
3153169499
3154169499
3155169499
3156169499
3157169499
3158169499
3159169499
3160169499
3161169499
3162169499
3163169499
3164169499
3165169499
3166169499
3167169499
3168169499
3169169499
3170169499
3171169499
3172169499
3173169499
3174169499
3175169499
3176169499
3177169499
3178169499
3179169499
3180169499
3181169499
3182169499
3183169499
3184169499
3185169499
3186169499
3187169499
3188169499
3189169499
3190169499
3191169499
3192169499
3193169499
3194169499
3195169499
3196169499
3197169499
3198169499
3199169499
3200169499
3201169499
3202169499
3203169499
3204169499
3205169499
3206169499
3207169499
3208169499
3209169499
3210169499
3211169499
3212169499
3213169499
3214169499
3215169499
3216169499
3217169499
3218169499
3219169499
3220169499
3221169499
3222169499
3223169499
3224169499
3225169499
3226169499
3227169499
3228169499
3229169499
3230169499
3231169499
3232169499
3233169499
3234169499
3235169499
3236169499
3237169499
3238169499
3239169499
3240169499
3241169499
3242169499
3243169499
3244169499
3245169499
3246169499
3247169499
3248169499
3249169499
3250169499
3251169499
3252169499
3253169499
3254169499
3255169499
3256169499
3257169499
3258169499
3259169499
3260169499
3261169499
3262169499
3263169499
3264169499
3265169499
3266169499
3267169499
3268169499
3269169499
3270169499
3271169499
3272169499
3273169499
3274169499
3275169499
3276169499
3277169499
3278169499
3279169499
3280169499
3281169499
3282169499
3283169499
3284169499
3285169499
3286169499
3287169499
3288169499
3289169499
3290169499
3291169499
3292169499
3293169499
3294169499
3295169499
3296169499
3297169499
3298169499
3299169499
3300169499
3301169499
3302169499
3303169499
3304169499
3305169499
3306169499
3307169499
3308169499
3309169499
3310169499
3311169499
3312169499
3313169499
3314169499
3315169499
3316169499
3317169499
3318169499
3319169499
3320169499
3321169499
3322169499
3323169499
3324169499
3325169499
3326169499
3327169499
3328169499
3329169499
3330169499
3331169499
3332169499
3333169499
3334169499
3335169499
3336169499
3337169499
3338169499
3339169499
3340169499
3341169499
3342169499
3343169499
3344169499
3345169499
3346169499
3347169499
3348169499
3349169499
3350169499
3351169499
3352169499
3353169499
3354169499
3355169499
3356169499
3357169499
3358169499
3359169499
3360169499
3361169499
3362169499
3363169499
3364169499
3365169499
3366169499
3367169499
3368169499
3369169499
3370169499
3371169499
3372169499
3373169499
3374169499
3375169499
3376169499
3377169499
3378169499
3379169499
3380169499
3381169499
3382169499
3383169499
3384169499
3385169499
3386169499
3387169499
3388169499
3389169499
3390169499
3391169499
3392169499
3393169499
3394169499
3395169499
3396169499
3397169499
3398169499
3399169499
3400169499
3401169499
3402169499
3403169499
3404169499
3405169499
3406169499
3407169499
3408169499
3409169499
3410169499
3411169499
3412169499
3413169499
3414169499
3415169499
3416169499
3417169499
3418169499
3419169499
3420169499
3421169499
3422169499
3423169499
3424169499
3425169499
3426169499
3427169499
3428169499
3429169499
3430169499
3431169499
3432169499
3433169499
3434169499
3435169499
3436169499
3437169499
3438169499
3439169499
3440169499
3441169499
3442169499
3443169499
3444169499
3445169499
3446169499
3447169499
3448169499
3449169499
3450169499
3451169499
3452169499
3453169499
3454169499
3455169499
3456169499
3457169499
3458169499
3459169499
3460169499
3461169499
3462169499
3463169499
3464169499
3465169499
3466169499
3467169499
3468169499
3469169499
3470169499
3471169499
3472169499
3473169499
3474169499
3475169499
3476169499
3477169499
3478169499
3479169499
3480169499
3481169499
3482169499
3483169499
3484169499
3485169499
3486169499
3487169499
3488169499
3489169499
3490169499
3491169499
3492169499
3493169499
3494169499
3495169499
3496169499
3497169499
3498169499
3499169499
3500169499
3501169499
3502169499
3503169499
3504169499
3505169499
3506169499
3507169499
3508169499
3509169499
3510169499
3511169499
3512169499
3513169499
3514169499
3515169499
3516169499
3517169499
3518169499
3519169499
3520169499
3521169499
3522169499
3523169499
3524169499
3525169499
3526169499
3527169499
3528169499
3529169499
3530169499
3531169499
3532169499
3533169499
3534169499
3535169499
3536169499
3537169499
3538169499
3539169499
3540169499
3541169499
3542169499
3543169499
3544169499
3545169499
3546169499
3547169499
3548169499
3549169499
3550169499
3551169499
3552169499
3553169499
3554169499
3555169499
3556169499
3557169499
3558169499
3559169499
3560169499
3561169499
3562169499
3563169499
3564169499
3565169499
3566169499
3567169499
3568169499
3569169499
3570169499
3571169499
3572169499
3573169499
3574169499
3575169499
3576169499
3577169499
3578169499
3579169499
3580169499
3581169499
3582169499
3583169499
3584169499
3585169499
3586169499
3587169499
3588169499
3589169499
3590169499
3591169499
3592169499
3593169499
3594169499
3595169499
3596169499
3597169499
3598169499
3599169499
3600169499
3601169499
3602169499
3603169499
3604169499
3605169499
3606169499
3607169499
3608169499
3609169499
3610169499
3611169499
3612169499
3613169499
3614169499
3615169499
3616169499
3617169499
3618169499
3619169499
3620169499
3621169499
3622169499
3623169499
3624169499
3625169499
3626169499
3627169499
3628169499
3629169499
3630169499
3631169499
3632169499
3633169499
3634169499
3635169499
3636169499
3637169499
3638169499
3639169499
3640169499
3641169499
3642169499
3643169499
3644169499
3645169499
3646169499
3647169499
3648169499
3649169499
3650169499
3651169499
3652169499
3653169499
3654169499
3655169499
3656169499
3657169499
3658169499
3659169499
3660169499
3661169499
3662169499
3663169499
3664169499
3665169499
3666169499
3667169499
3668169499
3669169499
3670169499
3671169499
3672169499
3673169499
3674169499
3675169499
3676169499
3677169499
3678169499
3679169499
3680169499
3681169499
3682169499
3683169499
3684169499
3685169499
3686169499
3687169499
3688169499
3689169499
3690169499
3691169499
3692169499
3693169499
3694169499
3695169499
3696169499
3697169499
3698169499
3699169499
3700169499
3701169499
3702169499
3703169499
3704169499
3705169499
3706169499
3707169499
3708169499
3709169499
3710169499
3711169499
3712169499
3713169499
3714169499
3715169499
3716169499
3717169499
3718169499
3719169499
3720169499
3721169499
3722169499
3723169499
3724169499
3725169499
3726169499
3727169499
3728169499
3729169499
3730169499
3731169499
3732169499
3733169499
3734169499
3735169499
3736169499
3737169499
3738169499
3739169499
3740169499
3741169499
3742169499
3743169499
3744169499
3745169499
3746169499
3747169499
3748169499
3749169499
3750169499
3751169499
3752169499
3753169499
3754169499
3755169499
3756169499
3757169499
3758169499
3759169499
3760169499
3761169499
3762169499
3763169499
3764169499
3765169499
3766169499
3767169499
3768169499
3769169499
3770169499
3771169499
3772169499
3773169499
3774169499
3775169499
3776169499
3777169499
3778169499
3779169499
3780169499
3781169499
3782169499
3783169499
3784169499
3785169499
3786169499
3787169499
3788169499
3789169499
3790169499
3791169499
3792169499
3793169499
3794169499
3795169499
3796169499
3797169499
3798169499
3799169499
3800169499
3801169499
3802169499
3803169499
3804169499
3805169499
3806169499
3807169499
3808169499
3809169499
3810169499
3811169499
3812169499
3813169499
3814169499
3815169499
3816169499
3817169499
3818169499
3819169499
3820169499
3821169499
3822169499
3823169499
3824169499
3825169499
3826169499
3827169499
3828169499
3829169499
3830169499
3831169499
3832169499
3833169499
3834169499
3835169499
3836169499
3837169499
3838169499
3839169499
3840169499
3841169499
3842169499
3843169499
3844169499
3845169499
3846169499
3847169499
3848169499
3849169499
3850169499
3851169499
3852169499
3853169499
3854169499
3855169499
3856169499
3857169499
3858169499
3859169499
3860169499
3861169499
3862169499
3863169499
3864169499
3865169499
3866169499
3867169499
3868169499
3869169499
3870169499
3871169499
3872169499
3873169499
3874169499
3875169499
3876169499
3877169499
3878169499
3879169499
3880169499
3881169499
3882169499
3883169499
3884169499
3885169499
3886169499
3887169499
3888169499
3889169499
3890169499
3891169499
3892169499
3893169499
3894169499
3895169499
3896169499
3897169499
3898169499
3899169499
3900169499
3901169499
3902169499
3903169499
3904169499
3905169499
3906169499
3907169499
3908169499
3909169499
3910169499
3911169499
3912169499
3913169499
3914169499
3915169499
3916169499
3917169499
3918169499
3919169499
3920169499
3921169499
3922169499
3923169499
3924169499
3925169499
3926169499
3927169499
3928169499
3929169499
3930169499
3931169499
3932169499
3933169499
3934169499
3935169499
3936169499
3937169499
3938169499
3939169499
3940169499
3941169499
3942169499
3943169499
3944169499
3945169499
3946169499
3947169499
3948169499
3949169499
3950169499
3951169499
3952169499
3953169499
3954169499
3955169499
3956169499
3957169499
3958169499
3959169499
3960169499
3961169499
3962169499
3963169499
3964169499
3965169499
3966169499
3967169499
3968169499
3969169499
3970169499
3971169499
3972169499
3973169499
3974169499
3975169499
3976169499
3977169499
3978169499
3979169499
3980169499
3981169499
3982169499
3983169499
3984169499
3985169499
3986169499
3987169499
3988169499
3989169499
3990169499
3991169499
3992169499
3993169499
3994169499
3995169499
3996169499
3997169499
3998169499
3999169499
4000169499
4001169499
4002169499
4003169499
4004169499
4005169499
4006169499
4007169499
4008169499
4009169499
4010169499
4011169499
4012169499
4013169499
4014169499
4015169499
4016169499
4017169499
4018169499
4019169499
4020169499
4021169499
4022169499
4023169499
4024169499
4025169499
4026169499
4027169499
4028169499
4029169499
4030169499
4031169499
4032169499
4033169499
4034169499
4035169499
4036169499
4037169499
4038169499
4039169499
4040169499
4041169499
4042169499
4043169499
4044169499
4045169499
4046169499
4047169499
4048169499
4049169499
4050169499
4051169499
4052169499
4053169499
4054169499
4055169499
4056169499
4057169499
4058169499
4059169499
4060169499
4061169499
4062169499
4063169499
4064169499
4065169499
4066169499
4067169499
4068169499
4069169499
4070169499
4071169499
4072169499
4073169499
4074169499
4075169499
4076169499
4077169499
4078169499
4079169499
4080169499
4081169499
4082169499
4083169499
4084169499
4085169499
4086169499
4087169499
4088169499
4089169499
4090169499
4091169499
4092169499
4093169499
4094169499
4095169499
4096169499
4097169499
4098169499
4099169499
4100169499
4101169499
4102169499
4103169499
4104169499
4105169499
4106169499
4107169499
4108169499
4109169499
4110169499
4111169499
4112169499
4113169499
4114169499
4115169499
4116169499
4117169499
4118169499
4119169499
4120169499
4121169499
4122169499
4123169499
4124169499
4125169499
4126169499
4127169499
4128169499
4129169499
4130169499
4131169499
4132169499
4133169499
4134169499
4135169499
4136169499
4137169499
4138169499
4139169499
4140169499
4141169499
4142169499
4143169499
4144169499
4145169499
4146169499
4147169499
4148169499
4149169499
4150169499
4151169499
4152169499
4153169499
4154169499
4155169499
4156169499
4157169499
4158169499
4159169499
4160169499
4161169499
4162169499
4163169499
4164169499
4165169499
4166169499
4167169499
4168169499
4169169499
4170169499
4171169499
4172169499
4173169499
4174169499
4175169499
4176169499
4177169499
4178169499
4179169499
4180169499
4181169499
4182169499
4183169499
4184169499
4185169499
4186169499
4187169499
4188169499
4189169499
4190169499
4191169499
4192169499
4193169499
4194169499
4195169499
4196169499
4197169499
4198169499
4199169499
4200169499
4201169499
4202169499
4203169499
4204169499
4205169499
4206169499
4207169499
4208169499
4209169499
4210169499
4211169499
4212169499
4213169499
4214169499
4215169499
4216169499
4217169499
4218169499
4219169499
4220169499
4221169499
4222169499
4223169499
4224169499
4225169499
4226169499
4227169499
4228169499
4229169499
4230169499
4231169499
4232169499
4233169499
4234169499
4235169499
4236169499
4237169499
4238169499
4239169499
4240169499
4241169499
4242169499
4243169499
4244169499
4245169499
4246169499
4247169499
4248169499
4249169499
4250169499
4251169499
4252169499
4253169499
4254169499
4255169499
4256169499
4257169499
4258169499
4259169499
4260169499
4261169499
4262169499
4263169499
4264169499
4265169499
4266169499
4267169499
4268169499
4269169499
4270169499
4271169499
4272169499
4273169499
4274169499
4275169499
4276169499
4277169499
4278169499
4279169499
4280169499
4281169499
4282169499
4283169499
4284169499
4285169499
4286169499
4287169499
4288169499
4289169499
4290169499
4291169499
4292169499
4293169499
4294169499
4295169499
4296169499
4297169499
4298169499
4299169499
4300169499
4301169499
4302169499
4303169499
4304169499
4305169499
4306169499
4307169499
4308169499
4309169499
4310169499
4311169499
4312169499
4313169499
4314169499
4315169499
4316169499
4317169499
4318169499
4319169499
4320169499
4321169499
4322169499
4323169499
4324169499
4325169499
4326169499
4327169499
4328169499
4329169499
4330169499
4331169499
4332169499
4333169499
4334169499
4335169499
4336169499
4337169499
4338169499
4339169499
4340169499
4341169499
4342169499
4343169499
4344169499
4345169499
4346169499
4347169499
4348169499
4349169499
4350169499
4351169499
4352169499
4353169499
4354169499
4355169499
4356169499
4357169499
4358169499
4359169499
4360169499
4361169499
4362169499
4363169499
4364169499
4365169499
4366169499
4367169499
4368169499
4369169499
4370169499
4371169499
4372169499
4373169499
4374169499
4375169499
4376169499
4377169499
4378169499
4379169499
4380169499
4381169499
4382169499
4383169499
4384169499
4385169499
4386169499
4387169499
4388169499
4389169499
4390169499
4391169499
4392169499
4393169499
4394169499
4395169499
4396169499
4397169499
4398169499
4399169499
4400169499
4401169499
4402169499
4403169499
4404169499
4405169499
4406169499
4407169499
4408169499
4409169499
4410169499
4411169499
4412169499
4413169499
4414169499
4415169499
4416169499
4417169499
4418169499
4419169499
4420169499
4421169499
4422169499
4423169499
4424169499
4425169499
4426169499
4427169499
4428169499
4429169499
4430169499
4431169499
4432169499
4433169499
4434169499
4435169499
4436169499
4437169499
4438169499
4439169499
4440169499
4441169499
4442169499
4443169499
4444169499
4445169499
4446169499
4447169499
4448169499
4449169499
4450169499
4451169499
4452169499
4453169499
4454169499
4455169499
4456169499
4457169499
4458169499
4459169499
4460169499
4461169499
4462169499
4463169499
4464169499
4465169499
4466169499
4467169499
4468169499
4469169499
4470169499
4471169499
4472169499
4473169499
4474169499
4475169499
4476169499
4477169499
4478169499
4479169499
4480169499
4481169499
4482169499
4483169499
4484169499
4485169499
4486169499
4487169499
4488169499
4489169499
4490169499
4491169499
4492169499
4493169499
4494169499
4495169499
4496169499
4497169499
4498169499
4499169499
4500169499
4501169499
4502169499
4503169499
4504169499
4505169499
4506169499
4507169499
4508169499
4509169499
4510169499
4511169499
4512169499
4513169499
4514169499
4515169499
4516169499
4517169499
4518169499
4519169499
4520169499
4521169499
4522169499
4523169499
4524169499
4525169499
4526169499
4527169499
4528169499
4529169499
4530169499
4531169499
4532169499
4533169499
4534169499
4535169499
4536169499
4537169499
4538169499
4539169499
4540169499
4541169499
4542169499
4543169499
4544169499
4545169499
4546169499
4547169499
4548169499
4549169499
4550169499
4551169499
4552169499
4553169499
4554169499
4555169499
4556169499
4557169499
4558169499
4559169499
4560169499
4561169499
4562169499
4563169499
4564169499
4565169499
4566169499
4567169499
4568169499
4569169499
4570169499
4571169499
4572169499
4573169499
4574169499
4575169499
4576169499
4577169499
4578169499
4579169499
4580169499
4581169499
4582169499
4583169499
4584169499
4585169499
4586169499
4587169499
4588169499
4589169499
4590169499
4591169499
4592169499
4593169499
4594169499
4595169499
4596169499
4597169499
4598169499
4599169499
4600169499
4601169499
4602169499
4603169499
4604169499
4605169499
4606169499
4607169499
4608169499
4609169499
4610169499
4611169499
4612169499
4613169499
4614169499
4615169499
4616169499
4617169499
4618169499
4619169499
4620169499
4621169499
4622169499
4623169499
4624169499
4625169499
4626169499
4627169499
4628169499
4629169499
4630169499
4631169499
4632169499
4633169499
4634169499
4635169499
4636169499
4637169499
4638169499
4639169499
4640169499
4641169499
4642169499
4643169499
4644169499
4645169499
4646169499
4647169499
4648169499
4649169499
4650169499
4651169499
4652169499
4653169499
4654169499
4655169499
4656169499
4657169499
4658169499
4659169499
4660169499
4661169499
4662169499
4663169499
4664169499
4665169499
4666169499
4667169499
4668169499
4669169499
4670169499
4671169499
4672169499
4673169499
4674169499
4675169499
4676169499
4677169499
4678169499
4679169499
4680169499
4681169499
4682169499
4683169499
4684169499
4685169499
4686169499
4687169499
4688169499
4689169499
4690169499
4691169499
4692169499
4693169499
4694169499
4695169499
4696169499
4697169499
4698169499
4699169499
4700169499
4701169499
4702169499
4703169499
4704169499
4705169499
4706169499
4707169499
4708169499
4709169499
4710169499
4711169499
4712169499
4713169499
4714169499
4715169499
4716169499
4717169499
4718169499
4719169499
4720169499
4721169499
4722169499
4723169499
4724169499
4725169499
4726169499
4727169499
4728169499
4729169499
4730169499
4731169499
4732169499
4733169499
4734169499
4735169499
4736169499
4737169499
4738169499
4739169499
4740169499
4741169499
4742169499
4743169499
4744169499
4745169499
4746169499
4747169499
4748169499
4749169499
4750169499
4751169499
4752169499
4753169499
4754169499
4755169499
4756169499
4757169499
4758169499
4759169499
4760169499
4761169499
4762169499
4763169499
4764169499
4765169499
4766169499
4767169499
4768169499
4769169499
4770169499
4771169499
4772169499
4773169499
4774169499
4775169499
4776169499
4777169499
4778169499
4779169499
4780169499
4781169499
4782169499
4783169499
4784169499
4785169499
4786169499
4787169499
4788169499
4789169499
4790169499
4791169499
4792169499
4793169499
4794169499
4795169499
4796169499
4797169499
4798169499
4799169499
4800169499
4801169499
4802169499
4803169499
4804169499
4805169499
4806169499
4807169499
4808169499
4809169499
4810169499
4811169499
4812169499
4813169499
4814169499
4815169499
4816169499
4817169499
4818169499
4819169499
4820169499
4821169499
4822169499
4823169499
4824169499
4825169499
4826169499
4827169499
4828169499
4829169499
4830169499
4831169499
4832169499
4833169499
4834169499
4835169499
4836169499
4837169499
4838169499
4839169499
4840169499
4841169499
4842169499
4843169499
4844169499
4845169499
4846169499
4847169499
4848169499
4849169499
4850169499
4851169499
4852169499
4853169499
4854169499
4855169499
4856169499
4857169499
4858169499
4859169499
4860169499
4861169499
4862169499
4863169499
4864169499
4865169499
4866169499
4867169499
4868169499
4869169499
4870169499
4871169499
4872169499
4873169499
4874169499
4875169499
4876169499
4877169499
4878169499
4879169499
4880169499
4881169499
4882169499
4883169499
4884169499
4885169499
4886169499
4887169499
4888169499
4889169499
4890169499
4891169499
4892169499
4893169499
4894169499
4895169499
4896169499
4897169499
4898169499
4899169499
4900169499
4901169499
4902169499
4903169499
4904169499
4905169499
4906169499
4907169499
4908169499
4909169499
4910169499
4911169499
4912169499
4913169499
4914169499
4915169499
4916169499
4917169499
4918169499
4919169499
4920169499
4921169499
4922169499
4923169499
4924169499
4925169499
4926169499
4927169499
4928169499
4929169499
4930169499
4931169499
4932169499
4933169499
4934169499
4935169499
4936169499
4937169499
4938169499
4939169499
4940169499
4941169499
4942169499
4943169499
4944169499
4945169499
4946169499
4947169499
4948169499
4949169499
4950169499
4951169499
4952169499
4953169499
4954169499
4955169499
4956169499
4957169499
4958169499
4959169499
4960169499
4961169499
4962169499
4963169499
4964169499
4965169499
4966169499
4967169499
4968169499
4969169499
4970169499
4971169499
4972169499
4973169499
4974169499
4975169499
4976169499
4977169499
4978169499
4979169499
4980169499
4981169499
4982169499
4983169499
4984169499
4985169499
4986169499
4987169499
4988169499
4989169499
4990169499
4991169499
4992169499
4993169499
4994169499
4995169499
4996169499
4997169499
4998169499
4999169499
5000169499
5001169499
5002169499
5003169499
5004169499
5005169499
5006169499
5007169499
5008169499
5009169499
5010169499
5011169499
5012169499
5013169499
5014169499
5015169499
5016169499
5017169499
5018169499
5019169499
5020169499
5021169499
5022169499
5023169499
5024169499
5025169499
5026169499
5027169499
5028169499
5029169499
5030169499
5031169499
5032169499
5033169499
5034169499
5035169499
5036169499
5037169499
5038169499
5039169499
5040169499
5041169499
5042169499
5043169499
5044169499
5045169499
5046169499
5047169499
5048169499
5049169499
5050169499
5051169499
5052169499
5053169499
5054169499
5055169499
5056169499
5057169499
5058169499
5059169499
5060169499
5061169499
5062169499
5063169499
5064169499
5065169499
5066169499
5067169499
5068169499
5069169499
5070169499
5071169499
5072169499
5073169499
5074169499
5075169499
5076169499
5077169499
5078169499
5079169499
5080169499
5081169499
5082169499
5083169499
5084169499
5085169499
5086169499
5087169499
5088169499
5089169499
5090169499
5091169499
5092169499
5093169499
5094169499
5095169499
5096169499
5097169499
5098169499
5099169499
5100169499
5101169499
5102169499
5103169499
5104169499
5105169499
5106169499
5107169499
5108169499
5109169499
5110169499
5111169499
5112169499
5113169499
5114169499
5115169499
5116169499
5117169499
5118169499
5119169499
5120169499
5121169499
5122169499
5123169499
5124169499
5125169499
5126169499
5127169499
5128169499
5129169499
5130169499
5131169499
5132169499
5133169499
5134169499
5135169499
5136169499
5137169499
5138169499
5139169499
5140169499
5141169499
5142169499
5143169499
5144169499
5145169499
5146169499
5147169499
5148169499
5149169499
5150169499
5151169499
5152169499
5153169499
5154169499
5155169499
5156169499
5157169499
5158169499
5159169499
5160169499
5161169499
5162169499
5163169499
5164169499
5165169499
5166169499
5167169499
5168169499
5169169499
5170169499
5171169499
5172169499
5173169499
5174169499
5175169499
5176169499
5177169499
5178169499
5179169499
5180169499
5181169499
5182169499
5183169499
5184169499
5185169499
5186169499
5187169499
5188169499
5189169499
5190169499
5191169499
5192169499
5193169499
5194169499
5195169499
5196169499
5197169499
5198169499
5199169499
5200169499
5201169499
5202169499
5203169499
5204169499
5205169499
5206169499
5207169499
5208169499
5209169499
5210169499
5211169499
5212169499
5213169499
5214169499
5215169499
5216169499
5217169499
5218169499
5219169499
5220169499
5221169499
5222169499
5223169499
5224169499
5225169499
5226169499
5227169499
5228169499
5229169499
5230169499
5231169499
5232169499
5233169499
5234169499
5235169499
5236169499
5237169499
5238169499
5239169499
5240169499
5241169499
5242169499
5243169499
5244169499
5245169499
5246169499
5247169499
5248169499
5249169499
5250169499
5251169499
5252169499
5253169499
5254169499
5255169499
5256169499
5257169499
5258169499
5259169499
5260169499
5261169499
5262169499
5263169499
5264169499
5265169499
5266169499
5267169499
5268169499
5269169499
5270169499
5271169499
5272169499
5273169499
5274169499
5275169499
5276169499
5277169499
5278169499
5279169499
5280169499
5281169499
5282169499
5283169499
5284169499
5285169499
5286169499
5287169499
5288169499
5289169499
5290169499
5291169499
5292169499
5293169499
5294169499
5295169499
5296169499
5297169499
5298169499
5299169499
5300169499
5301169499
5302169499
5303169499
5304169499
5305169499
5306169499
5307169499
5308169499
5309169499
5310169499
5311169499
5312169499
5313169499
5314169499
5315169499
5316169499
5317169499
5318169499
5319169499
5320169499
5321169499
5322169499
5323169499
5324169499
5325169499
5326169499
5327169499
5328169499
5329169499
5330169499
5331169499
5332169499
5333169499
5334169499
5335169499
5336169499
5337169499
5338169499
5339169499
5340169499
5341169499
5342169499
5343169499
5344169499
5345169499
5346169499
5347169499
5348169499
5349169499
5350169499
5351169499
5352169499
5353169499
5354169499
5355169499
5356169499
5357169499
5358169499
5359169499
5360169499
5361169499
5362169499
5363169499
5364169499
5365169499
5366169499
5367169499
5368169499
5369169499
5370169499
5371169499
5372169499
5373169499
5374169499
5375169499
5376169499
5377169499
5378169499
5379169499
5380169499
5381169499
5382169499
5383169499
5384169499
5385169499
5386169499
5387169499
5388169499
5389169499
5390169499
5391169499
5392169499
5393169499
5394169499
5395169499
5396169499
5397169499
5398169499
5399169499
5400169499
5401169499
5402169499
5403169499
5404169499
5405169499
5406169499
5407169499
5408169499
5409169499
5410169499
5411169499
5412169499
5413169499
5414169499
5415169499
5416169499
5417169499
5418169499
5419169499
5420169499
5421169499
5422169499
5423169499
5424169499
5425169499
5426169499
5427169499
5428169499
5429169499
5430169499
5431169499
5432169499
5433169499
5434169499
5435169499
5436169499
5437169499
5438169499
5439169499
5440169499
5441169499
5442169499
5443169499
5444169499
5445169499
5446169499
5447169499
5448169499
5449169499
5450169499
5451169499
5452169499
5453169499
5454169499
5455169499
5456169499
5457169499
5458169499
5459169499
5460169499
5461169499
5462169499
5463169499
5464169499
5465169499
5466169499
5467169499
5468169499
5469169499
5470169499
5471169499
5472169499
5473169499
5474169499
5475169499
5476169499
5477169499
5478169499
5479169499
5480169499
5481169499
5482169499
5483169499
5484169499
5485169499
5486169499
5487169499
5488169499
5489169499
5490169499
5491169499
5492169499
5493169499
5494169499
5495169499
5496169499
5497169499
5498169499
5499169499
5500169499
5501169499
5502169499
5503169499
5504169499
5505169499
5506169499
5507169499
5508169499
5509169499
5510169499
5511169499
5512169499
5513169499
5514169499
5515169499
5516169499
5517169499
5518169499
5519169499
5520169499
5521169499
5522169499
5523169499
5524169499
5525169499
5526169499
5527169499
5528169499
5529169499
5530169499
5531169499
5532169499
5533169499
5534169499
5535169499
5536169499
5537169499
5538169499
5539169499
5540169499
5541169499
5542169499
5543169499
5544169499
5545169499
5546169499
5547169499
5548169499
5549169499
5550169499
5551169499
5552169499
5553169499
5554169499
5555169499
5556169499
5557169499
5558169499
5559169499
5560169499
5561169499
5562169499
5563169499
5564169499
5565169499
5566169499
5567169499
5568169499
5569169499
5570169499
5571169499
5572169499
5573169499
5574169499
5575169499
5576169499
5577169499
5578169499
5579169499
5580169499
5581169499
5582169499
5583169499
5584169499
5585169499
5586169499
5587169499
5588169499
5589169499
5590169499
5591169499
5592169499
5593169499
5594169499
5595169499
5596169499
5597169499
5598169499
5599169499
5600169499
5601169499
5602169499
5603169499
5604169499
5605169499
5606169499
5607169499
5608169499
5609169499
5610169499
5611169499
5612169499
5613169499
5614169499
5615169499
5616169499
5617169499
5618169499
5619169499
5620169499
5621169499
5622169499
5623169499
5624169499
5625169499
5626169499
5627169499
5628169499
5629169499
5630169499
5631169499
5632169499
5633169499
5634169499
5635169499
5636169499
5637169499
5638169499
5639169499
5640169499
5641169499
5642169499
5643169499
5644169499
5645169499
5646169499
5647169499
5648169499
5649169499
5650169499
5651169499
5652169499
5653169499
5654169499
5655169499
5656169499
5657169499
5658169499
5659169499
5660169499
5661169499
5662169499
5663169499
5664169499
5665169499
5666169499
5667169499
5668169499
5669169499
5670169499
5671169499
5672169499
5673169499
5674169499
5675169499
5676169499
5677169499
5678169499
5679169499
5680169499
5681169499
5682169499
5683169499
5684169499
5685169499
5686169499
5687169499
5688169499
5689169499
5690169499
5691169499
5692169499
5693169499
5694169499
5695169499
5696169499
5697169499
5698169499
5699169499
5700169499
5701169499
5702169499
5703169499
5704169499
5705169499
5706169499
5707169499
5708169499
5709169499
5710169499
5711169499
5712169499
5713169499
5714169499
5715169499
5716169499
5717169499
5718169499
5719169499
5720169499
5721169499
5722169499
5723169499
5724169499
5725169499
5726169499
5727169499
5728169499
5729169499
5730169499
5731169499
5732169499
5733169499
5734169499
5735169499
5736169499
5737169499
5738169499
5739169499
5740169499
5741169499
5742169499
5743169499
5744169499
5745169499
5746169499
5747169499
5748169499
5749169499
5750169499
5751169499
5752169499
5753169499
5754169499
5755169499
5756169499
5757169499
5758169499
5759169499
5760169499
5761169499
5762169499
5763169499
5764169499
5765169499
5766169499
5767169499
5768169499
5769169499
5770169499
5771169499
5772169499
5773169499
5774169499
5775169499
5776169499
5777169499
5778169499
5779169499
5780169499
5781169499
5782169499
5783169499
5784169499
5785169499
5786169499
5787169499
5788169499
5789169499
5790169499
5791169499
5792169499
5793169499
5794169499
5795169499
5796169499
5797169499
5798169499
5799169499
5800169499
5801169499
5802169499
5803169499
5804169499
5805169499
5806169499
5807169499
5808169499
5809169499
5810169499
5811169499
5812169499
5813169499
5814169499
5815169499
5816169499
5817169499
5818169499
5819169499
5820169499
5821169499
5822169499
5823169499
5824169499
5825169499
5826169499
5827169499
5828169499
5829169499
5830169499
5831169499
5832169499
5833169499
5834169499
5835169499
5836169499
5837169499
5838169499
5839169499
5840169499
5841169499
5842169499
5843169499
5844169499
5845169499
5846169499
5847169499
5848169499
5849169499
5850169499
5851169499
5852169499
5853169499
5854169499
5855169499
5856169499
5857169499
5858169499
5859169499
5860169499
5861169499
5862169499
5863169499
5864169499
5865169499
5866169499
5867169499
5868169499
5869169499
5870169499
5871169499
5872169499
5873169499
5874169499
5875169499
5876169499
5877169499
5878169499
5879169499
5880169499
5881169499
5882169499
5883169499
5884169499
5885169499
5886169499
5887169499
5888169499
5889169499
5890169499
5891169499
5892169499
5893169499
5894169499
5895169499
5896169499
5897169499
5898169499
5899169499
5900169499
5901169499
5902169499
5903169499
5904169499
5905169499
5906169499
5907169499
5908169499
5909169499
5910169499
5911169499
5912169499
5913169499
5914169499
5915169499
5916169499
5917169499
5918169499
5919169499
5920169499
5921169499
5922169499
5923169499
5924169499
5925169499
5926169499
5927169499
5928169499
5929169499
5930169499
5931169499
5932169499
5933169499
5934169499
5935169499
5936169499
5937169499
5938169499
5939169499
5940169499
5941169499
5942169499
5943169499
5944169499
5945169499
5946169499
5947169499
5948169499
5949169499
5950169499
5951169499
5952169499
5953169499
5954169499
5955169499
5956169499
5957169499
5958169499
5959169499
5960169499
5961169499
5962169499
5963169499
5964169499
5965169499
5966169499
5967169499
5968169499
5969169499
5970169499
5971169499
5972169499
5973169499
5974169499
5975169499
5976169499
5977169499
5978169499
5979169499
5980169499
5981169499
5982169499
5983169499
5984169499
5985169499
5986169499
5987169499
5988169499
5989169499
5990169499
5991169499
5992169499
5993169499
5994169499
5995169499
5996169499
5997169499
5998169499
5999169499
6000169499
6001169499
6002169499
6003169499
6004169499
6005169499
6006169499
6007169499
6008169499
6009169499
6010169499
6011169499
6012169499
6013169499
6014169499
6015169499
6016169499
6017169499
6018169499
6019169499
6020169499
6021169499
6022169499
6023169499
6024169499
6025169499
6026169499
6027169499
6028169499
6029169499
6030169499
6031169499
6032169499
6033169499
6034169499
6035169499
6036169499
6037169499
6038169499
6039169499
6040169499
6041169499
6042169499
6043169499
6044169499
6045169499
6046169499
6047169499
6048169499
6049169499
6050169499
6051169499
6052169499
6053169499
6054169499
6055169499
6056169499
6057169499
6058169499
6059169499
6060169499
6061169499
6062169499
6063169499
6064169499
6065169499
6066169499
6067169499
6068169499
6069169499
6070169499
6071169499
6072169499
6073169499
6074169499
6075169499
6076169499
6077169499
6078169499
6079169499
6080169499
6081169499
6082169499
6083169499
6084169499
6085169499
6086169499
6087169499
6088169499
6089169499
6090169499
6091169499
6092169499
6093169499
6094169499
6095169499
6096169499
6097169499
6098169499
6099169499
6100169499
6101169499
6102169499
6103169499
6104169499
6105169499
6106169499
6107169499
6108169499
6109169499
6110169499
6111169499
6112169499
6113169499
6114169499
6115169499
6116169499
6117169499
6118169499
6119169499
6120169499
6121169499
6122169499
6123169499
6124169499
6125169499
6126169499
6127169499
6128169499
6129169499
6130169499
6131169499
6132169499
6133169499
6134169499
6135169499
6136169499
6137169499
6138169499
6139169499
6140169499
6141169499
6142169499
6143169499
6144169499
6145169499
6146169499
6147169499
6148169499
6149169499
6150169499
6151169499
6152169499
6153169499
6154169499
6155169499
6156169499
6157169499
6158169499
6159169499
6160169499
6161169499
6162169499
6163169499
6164169499
6165169499
6166169499
6167169499
6168169499
6169169499
6170169499
6171169499
6172169499
6173169499
6174169499
6175169499
6176169499
6177169499
6178169499
6179169499
6180169499
6181169499
6182169499
6183169499
6184169499
6185169499
6186169499
6187169499
6188169499
6189169499
6190169499
6191169499
6192169499
6193169499
6194169499
6195169499
6196169499
6197169499
6198169499
6199169499
6200169499
6201169499
6202169499
6203169499
6204169499
6205169499
6206169499
6207169499
6208169499
6209169499
6210169499
6211169499
6212169499
6213169499
6214169499
6215169499
6216169499
6217169499
6218169499
6219169499
6220169499
6221169499
6222169499
6223169499
6224169499
6225169499
6226169499
6227169499
6228169499
6229169499
6230169499
6231169499
6232169499
6233169499
6234169499
6235169499
6236169499
6237169499
6238169499
6239169499
6240169499
6241169499
6242169499
6243169499
6244169499
6245169499
6246169499
6247169499
6248169499
6249169499
6250169499
6251169499
6252169499
6253169499
6254169499
6255169499
6256169499
6257169499
6258169499
6259169499
6260169499
6261169499
6262169499
6263169499
6264169499
6265169499
6266169499
6267169499
6268169499
6269169499
6270169499
6271169499
6272169499
6273169499
6274169499
6275169499
6276169499
6277169499
6278169499
6279169499
6280169499
6281169499
6282169499
6283169499
6284169499
6285169499
6286169499
6287169499
6288169499
6289169499
6290169499
6291169499
6292169499
6293169499
6294169499
6295169499
6296169499
6297169499
6298169499
6299169499
6300169499
6301169499
6302169499
6303169499
6304169499
6305169499
6306169499
6307169499
6308169499
6309169499
6310169499
6311169499
6312169499
6313169499
6314169499
6315169499
6316169499
6317169499
6318169499
6319169499
6320169499
6321169499
6322169499
6323169499
6324169499
6325169499
6326169499
6327169499
6328169499
6329169499
6330169499
6331169499
6332169499
6333169499
6334169499
6335169499
6336169499
6337169499
6338169499
6339169499
6340169499
6341169499
6342169499
6343169499
6344169499
6345169499
6346169499
6347169499
6348169499
6349169499
6350169499
6351169499
6352169499
6353169499
6354169499
6355169499
6356169499
6357169499
6358169499
6359169499
6360169499
6361169499
6362169499
6363169499
6364169499
6365169499
6366169499
6367169499
6368169499
6369169499
6370169499
6371169499
6372169499
6373169499
6374169499
6375169499
6376169499
6377169499
6378169499
6379169499
6380169499
6381169499
6382169499
6383169499
6384169499
6385169499
6386169499
6387169499
6388169499
6389169499
6390169499
6391169499
6392169499
6393169499
6394169499
6395169499
6396169499
6397169499
6398169499
6399169499
6400169499
6401169499
6402169499
6403169499
6404169499
6405169499
6406169499
6407169499
6408169499
6409169499
6410169499
6411169499
6412169499
6413169499
6414169499
6415169499
6416169499
6417169499
6418169499
6419169499
6420169499
6421169499
6422169499
6423169499
6424169499
6425169499
6426169499
6427169499
6428169499
6429169499
6430169499
6431169499
6432169499
6433169499
6434169499
6435169499
6436169499
6437169499
6438169499
6439169499
6440169499
6441169499
6442169499
6443169499
6444169499
6445169499
6446169499
6447169499
6448169499
6449169499
6450169499
6451169499
6452169499
6453169499
6454169499
6455169499
6456169499
6457169499
6458169499
6459169499
6460169499
6461169499
6462169499
6463169499
6464169499
6465169499
6466169499
6467169499
6468169499
6469169499
6470169499
6471169499
6472169499
6473169499
6474169499
6475169499
6476169499
6477169499
6478169499
6479169499
6480169499
6481169499
6482169499
6483169499
6484169499
6485169499
6486169499
6487169499
6488169499
6489169499
6490169499
6491169499
6492169499
6493169499
6494169499
6495169499
6496169499
6497169499
6498169499
6499169499
6500169499
6501169499
6502169499
6503169499
6504169499
6505169499
6506169499
6507169499
6508169499
6509169499
6510169499
6511169499
6512169499
6513169499
6514169499
6515169499
6516169499
6517169499
6518169499
6519169499
6520169499
6521169499
6522169499
6523169499
6524169499
6525169499
6526169499
6527169499
6528169499
6529169499
6530169499
6531169499
6532169499
6533169499
6534169499
6535169499
6536169499
6537169499
6538169499
6539169499
6540169499
6541169499
6542169499
6543169499
6544169499
6545169499
6546169499
6547169499
6548169499
6549169499
6550169499
6551169499
6552169499
6553169499
6554169499
6555169499
6556169499
6557169499
6558169499
6559169499
6560169499
6561169499
6562169499
6563169499
6564169499
6565169499
6566169499
6567169499
6568169499
6569169499
6570169499
6571169499
6572169499
6573169499
6574169499
6575169499
6576169499
6577169499
6578169499
6579169499
6580169499
6581169499
6582169499
6583169499
6584169499
6585169499
6586169499
6587169499
6588169499
6589169499
6590169499
6591169499
6592169499
6593169499
6594169499
6595169499
6596169499
6597169499
6598169499
6599169499
6600169499
6601169499
6602169499
6603169499
6604169499
6605169499
6606169499
6607169499
6608169499
6609169499
6610169499
6611169499
6612169499
6613169499
6614169499
6615169499
6616169499
6617169499
6618169499
6619169499
6620169499
6621169499
6622169499
6623169499
6624169499
6625169499
6626169499
6627169499
6628169499
6629169499
6630169499
6631169499
6632169499
6633169499
6634169499
6635169499
6636169499
6637169499
6638169499
6639169499
6640169499
6641169499
6642169499
6643169499
6644169499
6645169499
6646169499
6647169499
6648169499
6649169499
6650169499
6651169499
6652169499
6653169499
6654169499
6655169499
6656169499
6657169499
6658169499
6659169499
6660169499
6661169499
6662169499
6663169499
6664169499
6665169499
6666169499
6667169499
6668169499
6669169499
6670169499
6671169499
6672169499
6673169499
6674169499
6675169499
6676169499
6677169499
6678169499
6679169499
6680169499
6681169499
6682169499
6683169499
6684169499
6685169499
6686169499
6687169499
6688169499
6689169499
6690169499
6691169499
6692169499
6693169499
6694169499
6695169499
6696169499
6697169499
6698169499
6699169499
6700169499
6701169499
6702169499
6703169499
6704169499
6705169499
6706169499
6707169499
6708169499
6709169499
6710169499
6711169499
6712169499
6713169499
6714169499
6715169499
6716169499
6717169499
6718169499
6719169499
6720169499
6721169499
6722169499
6723169499
6724169499
6725169499
6726169499
6727169499
6728169499
6729169499
6730169499
6731169499
6732169499
6733169499
6734169499
6735169499
6736169499
6737169499
6738169499
6739169499
6740169499
6741169499
6742169499
6743169499
6744169499
6745169499
6746169499
6747169499
6748169499
6749169499
6750169499
6751169499
6752169499
6753169499
6754169499
6755169499
6756169499
6757169499
6758169499
6759169499
6760169499
6761169499
6762169499
6763169499
6764169499
6765169499
6766169499
6767169499
6768169499
6769169499
6770169499
6771169499
6772169499
6773169499
6774169499
6775169499
6776169499
6777169499
6778169499
6779169499
6780169499
6781169499
6782169499
6783169499
6784169499
6785169499
6786169499
6787169499
6788169499
6789169499
6790169499
6791169499
6792169499
6793169499
6794169499
6795169499
6796169499
6797169499
6798169499
6799169499
6800169499
6801169499
6802169499
6803169499
6804169499
6805169499
6806169499
6807169499
6808169499
6809169499
6810169499
6811169499
6812169499
6813169499
6814169499
6815169499
6816169499
6817169499
6818169499
6819169499
6820169499
6821169499
6822169499
6823169499
6824169499
6825169499
6826169499
6827169499
6828169499
6829169499
6830169499
6831169499
6832169499
6833169499
6834169499
6835169499
6836169499
6837169499
6838169499
6839169499
6840169499
6841169499
6842169499
6843169499
6844169499
6845169499
6846169499
6847169499
6848169499
6849169499
6850169499
6851169499
6852169499
6853169499
6854169499
6855169499
6856169499
6857169499
6858169499
6859169499
6860169499
6861169499
6862169499
6863169499
6864169499
6865169499
6866169499
6867169499
6868169499
6869169499
6870169499
6871169499
6872169499
6873169499
6874169499
6875169499
6876169499
6877169499
6878169499
6879169499
6880169499
6881169499
6882169499
6883169499
6884169499
6885169499
6886169499
6887169499
6888169499
6889169499
6890169499
6891169499
6892169499
6893169499
6894169499
6895169499
6896169499
6897169499
6898169499
6899169499
6900169499
6901169499
6902169499
6903169499
6904169499
6905169499
6906169499
6907169499
6908169499
6909169499
6910169499
6911169499
6912169499
6913169499
6914169499
6915169499
6916169499
6917169499
6918169499
6919169499
6920169499
6921169499
6922169499
6923169499
6924169499
6925169499
6926169499
6927169499
6928169499
6929169499
6930169499
6931169499
6932169499
6933169499
6934169499
6935169499
6936169499
6937169499
6938169499
6939169499
6940169499
6941169499
6942169499
6943169499
6944169499
6945169499
6946169499
6947169499
6948169499
6949169499
6950169499
6951169499
6952169499
6953169499
6954169499
6955169499
6956169499
6957169499
6958169499
6959169499
6960169499
6961169499
6962169499
6963169499
6964169499
6965169499
6966169499
6967169499
6968169499
6969169499
6970169499
6971169499
6972169499
6973169499
6974169499
6975169499
6976169499
6977169499
6978169499
6979169499
6980169499
6981169499
6982169499
6983169499
6984169499
6985169499
6986169499
6987169499
6988169499
6989169499
6990169499
6991169499
6992169499
6993169499
6994169499
6995169499
6996169499
6997169499
6998169499
6999169499
7000169499
7001169499
7002169499
7003169499
7004169499
7005169499
7006169499
7007169499
7008169499
7009169499
7010169499
7011169499
7012169499
7013169499
7014169499
7015169499
7016169499
7017169499
7018169499
7019169499
7020169499
7021169499
7022169499
7023169499
7024169499
7025169499
7026169499
7027169499
7028169499
7029169499
7030169499
7031169499
7032169499
7033169499
7034169499
7035169499
7036169499
7037169499
7038169499
7039169499
7040169499
