2000185060
2001185060
2002185060
2003185060
2004185060
2005185060
2006185060
2007185060
2008185060
2009185060
2010185060
2011185060
2012185060
2013185060
2014185060
2015185060
2016185060
2017185060
2018185060
2019185060
2020185060
2021185060
2022185060
2023185060
2024185060
2025185060
2026185060
2027185060
2028185060
2029185060
2030185060
2031185060
2032185060
2033185060
2034185060
2035185060
2036185060
2037185060
2038185060
2039185060
2040185060
2041185060
2042185060
2043185060
2044185060
2045185060
2046185060
2047185060
2048185060
2049185060
2050185060
2051185060
2052185060
2053185060
2054185060
2055185060
2056185060
2057185060
2058185060
2059185060
2060185060
2061185060
2062185060
2063185060
2064185060
2065185060
2066185060
2067185060
2068185060
2069185060
2070185060
2071185060
2072185060
2073185060
2074185060
2075185060
2076185060
2077185060
2078185060
2079185060
2080185060
2081185060
2082185060
2083185060
2084185060
2085185060
2086185060
2087185060
2088185060
2089185060
2090185060
2091185060
2092185060
2093185060
2094185060
2095185060
2096185060
2097185060
2098185060
2099185060
2100185060
2101185060
2102185060
2103185060
2104185060
2105185060
2106185060
2107185060
2108185060
2109185060
2110185060
2111185060
2112185060
2113185060
2114185060
2115185060
2116185060
2117185060
2118185060
2119185060
2120185060
2121185060
2122185060
2123185060
2124185060
2125185060
2126185060
2127185060
2128185060
2129185060
2130185060
2131185060
2132185060
2133185060
2134185060
2135185060
2136185060
2137185060
2138185060
2139185060
2140185060
2141185060
2142185060
2143185060
2144185060
2145185060
2146185060
2147185060
2148185060
2149185060
2150185060
2151185060
2152185060
2153185060
2154185060
2155185060
2156185060
2157185060
2158185060
2159185060
2160185060
2161185060
2162185060
2163185060
2164185060
2165185060
2166185060
2167185060
2168185060
2169185060
2170185060
2171185060
2172185060
2173185060
2174185060
2175185060
2176185060
2177185060
2178185060
2179185060
2180185060
2181185060
2182185060
2183185060
2184185060
2185185060
2186185060
2187185060
2188185060
2189185060
2190185060
2191185060
2192185060
2193185060
2194185060
2195185060
2196185060
2197185060
2198185060
2199185060
2200185060
2201185060
2202185060
2203185060
2204185060
2205185060
2206185060
2207185060
2208185060
2209185060
2210185060
2211185060
2212185060
2213185060
2214185060
2215185060
2216185060
2217185060
2218185060
2219185060
2220185060
2221185060
2222185060
2223185060
2224185060
2225185060
2226185060
2227185060
2228185060
2229185060
2230185060
2231185060
2232185060
2233185060
2234185060
2235185060
2236185060
2237185060
2238185060
2239185060
2240185060
2241185060
2242185060
2243185060
2244185060
2245185060
2246185060
2247185060
2248185060
2249185060
2250185060
2251185060
2252185060
2253185060
2254185060
2255185060
2256185060
2257185060
2258185060
2259185060
2260185060
2261185060
2262185060
2263185060
2264185060
2265185060
2266185060
2267185060
2268185060
2269185060
2270185060
2271185060
2272185060
2273185060
2274185060
2275185060
2276185060
2277185060
2278185060
2279185060
2280185060
2281185060
2282185060
2283185060
2284185060
2285185060
2286185060
2287185060
2288185060
2289185060
2290185060
2291185060
2292185060
2293185060
2294185060
2295185060
2296185060
2297185060
2298185060
2299185060
2300185060
2301185060
2302185060
2303185060
2304185060
2305185060
2306185060
2307185060
2308185060
2309185060
2310185060
2311185060
2312185060
2313185060
2314185060
2315185060
2316185060
2317185060
2318185060
2319185060
2320185060
2321185060
2322185060
2323185060
2324185060
2325185060
2326185060
2327185060
2328185060
2329185060
2330185060
2331185060
2332185060
2333185060
2334185060
2335185060
2336185060
2337185060
2338185060
2339185060
2340185060
2341185060
2342185060
2343185060
2344185060
2345185060
2346185060
2347185060
2348185060
2349185060
2350185060
2351185060
2352185060
2353185060
2354185060
2355185060
2356185060
2357185060
2358185060
2359185060
2360185060
2361185060
2362185060
2363185060
2364185060
2365185060
2366185060
2367185060
2368185060
2369185060
2370185060
2371185060
2372185060
2373185060
2374185060
2375185060
2376185060
2377185060
2378185060
2379185060
2380185060
2381185060
2382185060
2383185060
2384185060
2385185060
2386185060
2387185060
2388185060
2389185060
2390185060
2391185060
2392185060
2393185060
2394185060
2395185060
2396185060
2397185060
2398185060
2399185060
2400185060
2401185060
2402185060
2403185060
2404185060
2405185060
2406185060
2407185060
2408185060
2409185060
2410185060
2411185060
2412185060
2413185060
2414185060
2415185060
2416185060
2417185060
2418185060
2419185060
2420185060
2421185060
2422185060
2423185060
2424185060
2425185060
2426185060
2427185060
2428185060
2429185060
2430185060
2431185060
2432185060
2433185060
2434185060
2435185060
2436185060
2437185060
2438185060
2439185060
2440185060
2441185060
2442185060
2443185060
2444185060
2445185060
2446185060
2447185060
2448185060
2449185060
2450185060
2451185060
2452185060
2453185060
2454185060
2455185060
2456185060
2457185060
2458185060
2459185060
2460185060
2461185060
2462185060
2463185060
2464185060
2465185060
2466185060
2467185060
2468185060
2469185060
2470185060
2471185060
2472185060
2473185060
2474185060
2475185060
2476185060
2477185060
2478185060
2479185060
2480185060
2481185060
2482185060
2483185060
2484185060
2485185060
2486185060
2487185060
2488185060
2489185060
2490185060
2491185060
2492185060
2493185060
2494185060
2495185060
2496185060
2497185060
2498185060
2499185060
2500185060
2501185060
2502185060
2503185060
2504185060
2505185060
2506185060
2507185060
2508185060
2509185060
2510185060
2511185060
2512185060
2513185060
2514185060
2515185060
2516185060
2517185060
2518185060
2519185060
2520185060
2521185060
2522185060
2523185060
2524185060
2525185060
2526185060
2527185060
2528185060
2529185060
2530185060
2531185060
2532185060
2533185060
2534185060
2535185060
2536185060
2537185060
2538185060
2539185060
2540185060
2541185060
2542185060
2543185060
2544185060
2545185060
2546185060
2547185060
2548185060
2549185060
2550185060
2551185060
2552185060
2553185060
2554185060
2555185060
2556185060
2557185060
2558185060
2559185060
2560185060
2561185060
2562185060
2563185060
2564185060
2565185060
2566185060
2567185060
2568185060
2569185060
2570185060
2571185060
2572185060
2573185060
2574185060
2575185060
2576185060
2577185060
2578185060
2579185060
2580185060
2581185060
2582185060
2583185060
2584185060
2585185060
2586185060
2587185060
2588185060
2589185060
2590185060
2591185060
2592185060
2593185060
2594185060
2595185060
2596185060
2597185060
2598185060
2599185060
2600185060
2601185060
2602185060
2603185060
2604185060
2605185060
2606185060
2607185060
2608185060
2609185060
2610185060
2611185060
2612185060
2613185060
2614185060
2615185060
2616185060
2617185060
2618185060
2619185060
2620185060
2621185060
2622185060
2623185060
2624185060
2625185060
2626185060
2627185060
2628185060
2629185060
2630185060
2631185060
2632185060
2633185060
2634185060
2635185060
2636185060
2637185060
2638185060
2639185060
2640185060
2641185060
2642185060
2643185060
2644185060
2645185060
2646185060
2647185060
2648185060
2649185060
2650185060
2651185060
2652185060
2653185060
2654185060
2655185060
2656185060
2657185060
2658185060
2659185060
2660185060
2661185060
2662185060
2663185060
2664185060
2665185060
2666185060
2667185060
2668185060
2669185060
2670185060
2671185060
2672185060
2673185060
2674185060
2675185060
2676185060
2677185060
2678185060
2679185060
2680185060
2681185060
2682185060
2683185060
2684185060
2685185060
2686185060
2687185060
2688185060
2689185060
2690185060
2691185060
2692185060
2693185060
2694185060
2695185060
2696185060
2697185060
2698185060
2699185060
2700185060
2701185060
2702185060
2703185060
2704185060
2705185060
2706185060
2707185060
2708185060
2709185060
2710185060
2711185060
2712185060
2713185060
2714185060
2715185060
2716185060
2717185060
2718185060
2719185060
2720185060
2721185060
2722185060
2723185060
2724185060
2725185060
2726185060
2727185060
2728185060
2729185060
2730185060
2731185060
2732185060
2733185060
2734185060
2735185060
2736185060
2737185060
2738185060
2739185060
2740185060
2741185060
2742185060
2743185060
2744185060
2745185060
2746185060
2747185060
2748185060
2749185060
2750185060
2751185060
2752185060
2753185060
2754185060
2755185060
2756185060
2757185060
2758185060
2759185060
2760185060
2761185060
2762185060
2763185060
2764185060
2765185060
2766185060
2767185060
2768185060
2769185060
2770185060
2771185060
2772185060
2773185060
2774185060
2775185060
2776185060
2777185060
2778185060
2779185060
2780185060
2781185060
2782185060
2783185060
2784185060
2785185060
2786185060
2787185060
2788185060
2789185060
2790185060
2791185060
2792185060
2793185060
2794185060
2795185060
2796185060
2797185060
2798185060
2799185060
2800185060
2801185060
2802185060
2803185060
2804185060
2805185060
2806185060
2807185060
2808185060
2809185060
2810185060
2811185060
2812185060
2813185060
2814185060
2815185060
2816185060
2817185060
2818185060
2819185060
2820185060
2821185060
2822185060
2823185060
2824185060
2825185060
2826185060
2827185060
2828185060
2829185060
2830185060
2831185060
2832185060
2833185060
2834185060
2835185060
2836185060
2837185060
2838185060
2839185060
2840185060
2841185060
2842185060
2843185060
2844185060
2845185060
2846185060
2847185060
2848185060
2849185060
2850185060
2851185060
2852185060
2853185060
2854185060
2855185060
2856185060
2857185060
2858185060
2859185060
2860185060
2861185060
2862185060
2863185060
2864185060
2865185060
2866185060
2867185060
2868185060
2869185060
2870185060
2871185060
2872185060
2873185060
2874185060
2875185060
2876185060
2877185060
2878185060
2879185060
2880185060
2881185060
2882185060
2883185060
2884185060
2885185060
2886185060
2887185060
2888185060
2889185060
2890185060
2891185060
2892185060
2893185060
2894185060
2895185060
2896185060
2897185060
2898185060
2899185060
2900185060
2901185060
2902185060
2903185060
2904185060
2905185060
2906185060
2907185060
2908185060
2909185060
2910185060
2911185060
2912185060
2913185060
2914185060
2915185060
2916185060
2917185060
2918185060
2919185060
2920185060
2921185060
2922185060
2923185060
2924185060
2925185060
2926185060
2927185060
2928185060
2929185060
2930185060
2931185060
2932185060
2933185060
2934185060
2935185060
2936185060
2937185060
2938185060
2939185060
2940185060
2941185060
2942185060
2943185060
2944185060
2945185060
2946185060
2947185060
2948185060
2949185060
2950185060
2951185060
2952185060
2953185060
2954185060
2955185060
2956185060
2957185060
2958185060
2959185060
2960185060
2961185060
2962185060
2963185060
2964185060
2965185060
2966185060
2967185060
2968185060
2969185060
2970185060
2971185060
2972185060
2973185060
2974185060
2975185060
2976185060
2977185060
2978185060
2979185060
2980185060
2981185060
2982185060
2983185060
2984185060
2985185060
2986185060
2987185060
2988185060
2989185060
2990185060
2991185060
2992185060
2993185060
2994185060
2995185060
2996185060
2997185060
2998185060
2999185060
3000185060
3001185060
3002185060
3003185060
3004185060
3005185060
3006185060
3007185060
3008185060
3009185060
3010185060
3011185060
3012185060
3013185060
3014185060
3015185060
3016185060
3017185060
3018185060
3019185060
3020185060
3021185060
3022185060
3023185060
3024185060
3025185060
3026185060
3027185060
3028185060
3029185060
3030185060
3031185060
3032185060
3033185060
3034185060
3035185060
3036185060
3037185060
3038185060
3039185060
3040185060
3041185060
3042185060
3043185060
3044185060
3045185060
3046185060
3047185060
3048185060
3049185060
3050185060
3051185060
3052185060
3053185060
3054185060
3055185060
3056185060
3057185060
3058185060
3059185060
3060185060
3061185060
3062185060
3063185060
3064185060
3065185060
3066185060
3067185060
3068185060
3069185060
3070185060
3071185060
3072185060
3073185060
3074185060
3075185060
3076185060
3077185060
3078185060
3079185060
3080185060
3081185060
3082185060
3083185060
3084185060
3085185060
3086185060
3087185060
3088185060
3089185060
3090185060
3091185060
3092185060
3093185060
3094185060
3095185060
3096185060
3097185060
3098185060
3099185060
3100185060
3101185060
3102185060
3103185060
3104185060
3105185060
3106185060
3107185060
3108185060
3109185060
3110185060
3111185060
3112185060
3113185060
3114185060
3115185060
3116185060
3117185060
3118185060
3119185060
3120185060
3121185060
3122185060
3123185060
3124185060
3125185060
3126185060
3127185060
3128185060
3129185060
3130185060
3131185060
3132185060
3133185060
3134185060
3135185060
3136185060
3137185060
3138185060
3139185060
3140185060
3141185060
3142185060
3143185060
3144185060
3145185060
3146185060
3147185060
3148185060
3149185060
3150185060
3151185060
3152185060
3153185060
3154185060
3155185060
3156185060
3157185060
3158185060
3159185060
3160185060
3161185060
3162185060
3163185060
3164185060
3165185060
3166185060
3167185060
3168185060
3169185060
3170185060
3171185060
3172185060
3173185060
3174185060
3175185060
3176185060
3177185060
3178185060
3179185060
3180185060
3181185060
3182185060
3183185060
3184185060
3185185060
3186185060
3187185060
3188185060
3189185060
3190185060
3191185060
3192185060
3193185060
3194185060
3195185060
3196185060
3197185060
3198185060
3199185060
3200185060
3201185060
3202185060
3203185060
3204185060
3205185060
3206185060
3207185060
3208185060
3209185060
3210185060
3211185060
3212185060
3213185060
3214185060
3215185060
3216185060
3217185060
3218185060
3219185060
3220185060
3221185060
3222185060
3223185060
3224185060
3225185060
3226185060
3227185060
3228185060
3229185060
3230185060
3231185060
3232185060
3233185060
3234185060
3235185060
3236185060
3237185060
3238185060
3239185060
3240185060
3241185060
3242185060
3243185060
3244185060
3245185060
3246185060
3247185060
3248185060
3249185060
3250185060
3251185060
3252185060
3253185060
3254185060
3255185060
3256185060
3257185060
3258185060
3259185060
3260185060
3261185060
3262185060
3263185060
3264185060
3265185060
3266185060
3267185060
3268185060
3269185060
3270185060
3271185060
3272185060
3273185060
3274185060
3275185060
3276185060
3277185060
3278185060
3279185060
3280185060
3281185060
3282185060
3283185060
3284185060
3285185060
3286185060
3287185060
3288185060
3289185060
3290185060
3291185060
3292185060
3293185060
3294185060
3295185060
3296185060
3297185060
3298185060
3299185060
3300185060
3301185060
3302185060
3303185060
3304185060
3305185060
3306185060
3307185060
3308185060
3309185060
3310185060
3311185060
3312185060
3313185060
3314185060
3315185060
3316185060
3317185060
3318185060
3319185060
3320185060
3321185060
3322185060
3323185060
3324185060
3325185060
3326185060
3327185060
3328185060
3329185060
3330185060
3331185060
3332185060
3333185060
3334185060
3335185060
3336185060
3337185060
3338185060
3339185060
3340185060
3341185060
3342185060
3343185060
3344185060
3345185060
3346185060
3347185060
3348185060
3349185060
3350185060
3351185060
3352185060
3353185060
3354185060
3355185060
3356185060
3357185060
3358185060
3359185060
3360185060
3361185060
3362185060
3363185060
3364185060
3365185060
3366185060
3367185060
3368185060
3369185060
3370185060
3371185060
3372185060
3373185060
3374185060
3375185060
3376185060
3377185060
3378185060
3379185060
3380185060
3381185060
3382185060
3383185060
3384185060
3385185060
3386185060
3387185060
3388185060
3389185060
3390185060
3391185060
3392185060
3393185060
3394185060
3395185060
3396185060
3397185060
3398185060
3399185060
3400185060
3401185060
3402185060
3403185060
3404185060
3405185060
3406185060
3407185060
3408185060
3409185060
3410185060
3411185060
3412185060
3413185060
3414185060
3415185060
3416185060
3417185060
3418185060
3419185060
3420185060
3421185060
3422185060
3423185060
3424185060
3425185060
3426185060
3427185060
3428185060
3429185060
3430185060
3431185060
3432185060
3433185060
3434185060
3435185060
3436185060
3437185060
3438185060
3439185060
3440185060
3441185060
3442185060
3443185060
3444185060
3445185060
3446185060
3447185060
3448185060
3449185060
3450185060
3451185060
3452185060
3453185060
3454185060
3455185060
3456185060
3457185060
3458185060
3459185060
3460185060
3461185060
3462185060
3463185060
3464185060
3465185060
3466185060
3467185060
3468185060
3469185060
3470185060
3471185060
3472185060
3473185060
3474185060
3475185060
3476185060
3477185060
3478185060
3479185060
3480185060
3481185060
3482185060
3483185060
3484185060
3485185060
3486185060
3487185060
3488185060
3489185060
3490185060
3491185060
3492185060
3493185060
3494185060
3495185060
3496185060
3497185060
3498185060
3499185060
3500185060
3501185060
3502185060
3503185060
3504185060
3505185060
3506185060
3507185060
3508185060
3509185060
3510185060
3511185060
3512185060
3513185060
3514185060
3515185060
3516185060
3517185060
3518185060
3519185060
3520185060
3521185060
3522185060
3523185060
3524185060
3525185060
3526185060
3527185060
3528185060
3529185060
3530185060
3531185060
3532185060
3533185060
3534185060
3535185060
3536185060
3537185060
3538185060
3539185060
3540185060
3541185060
3542185060
3543185060
3544185060
3545185060
3546185060
3547185060
3548185060
3549185060
3550185060
3551185060
3552185060
3553185060
3554185060
3555185060
3556185060
3557185060
3558185060
3559185060
3560185060
3561185060
3562185060
3563185060
3564185060
3565185060
3566185060
3567185060
3568185060
3569185060
3570185060
3571185060
3572185060
3573185060
3574185060
3575185060
3576185060
3577185060
3578185060
3579185060
3580185060
3581185060
3582185060
3583185060
3584185060
3585185060
3586185060
3587185060
3588185060
3589185060
3590185060
3591185060
3592185060
3593185060
3594185060
3595185060
3596185060
3597185060
3598185060
3599185060
3600185060
3601185060
3602185060
3603185060
3604185060
3605185060
3606185060
3607185060
3608185060
3609185060
3610185060
3611185060
3612185060
3613185060
3614185060
3615185060
3616185060
3617185060
3618185060
3619185060
3620185060
3621185060
3622185060
3623185060
3624185060
3625185060
3626185060
3627185060
3628185060
3629185060
3630185060
3631185060
3632185060
3633185060
3634185060
3635185060
3636185060
3637185060
3638185060
3639185060
3640185060
3641185060
3642185060
3643185060
3644185060
3645185060
3646185060
3647185060
3648185060
3649185060
3650185060
3651185060
3652185060
3653185060
3654185060
3655185060
3656185060
3657185060
3658185060
3659185060
3660185060
3661185060
3662185060
3663185060
3664185060
3665185060
3666185060
3667185060
3668185060
3669185060
3670185060
3671185060
3672185060
3673185060
3674185060
3675185060
3676185060
3677185060
3678185060
3679185060
3680185060
3681185060
3682185060
3683185060
3684185060
3685185060
3686185060
3687185060
3688185060
3689185060
3690185060
3691185060
3692185060
3693185060
3694185060
3695185060
3696185060
3697185060
3698185060
3699185060
3700185060
3701185060
3702185060
3703185060
3704185060
3705185060
3706185060
3707185060
3708185060
3709185060
3710185060
3711185060
3712185060
3713185060
3714185060
3715185060
3716185060
3717185060
3718185060
3719185060
3720185060
3721185060
3722185060
3723185060
3724185060
3725185060
3726185060
3727185060
3728185060
3729185060
3730185060
3731185060
3732185060
3733185060
3734185060
3735185060
3736185060
3737185060
3738185060
3739185060
3740185060
3741185060
3742185060
3743185060
3744185060
3745185060
3746185060
3747185060
3748185060
3749185060
3750185060
3751185060
3752185060
3753185060
3754185060
3755185060
3756185060
3757185060
3758185060
3759185060
3760185060
3761185060
3762185060
3763185060
3764185060
3765185060
3766185060
3767185060
3768185060
3769185060
3770185060
3771185060
3772185060
3773185060
3774185060
3775185060
3776185060
3777185060
3778185060
3779185060
3780185060
3781185060
3782185060
3783185060
3784185060
3785185060
3786185060
3787185060
3788185060
3789185060
3790185060
3791185060
3792185060
3793185060
3794185060
3795185060
3796185060
3797185060
3798185060
3799185060
3800185060
3801185060
3802185060
3803185060
3804185060
3805185060
3806185060
3807185060
3808185060
3809185060
3810185060
3811185060
3812185060
3813185060
3814185060
3815185060
3816185060
3817185060
3818185060
3819185060
3820185060
3821185060
3822185060
3823185060
3824185060
3825185060
3826185060
3827185060
3828185060
3829185060
3830185060
3831185060
3832185060
3833185060
3834185060
3835185060
3836185060
3837185060
3838185060
3839185060
3840185060
3841185060
3842185060
3843185060
3844185060
3845185060
3846185060
3847185060
3848185060
3849185060
3850185060
3851185060
3852185060
3853185060
3854185060
3855185060
3856185060
3857185060
3858185060
3859185060
3860185060
3861185060
3862185060
3863185060
3864185060
3865185060
3866185060
3867185060
3868185060
3869185060
3870185060
3871185060
3872185060
3873185060
3874185060
3875185060
3876185060
3877185060
3878185060
3879185060
3880185060
3881185060
3882185060
3883185060
3884185060
3885185060
3886185060
3887185060
3888185060
3889185060
3890185060
3891185060
3892185060
3893185060
3894185060
3895185060
3896185060
3897185060
3898185060
3899185060
3900185060
3901185060
3902185060
3903185060
3904185060
3905185060
3906185060
3907185060
3908185060
3909185060
3910185060
3911185060
3912185060
3913185060
3914185060
3915185060
3916185060
3917185060
3918185060
3919185060
3920185060
3921185060
3922185060
3923185060
3924185060
3925185060
3926185060
3927185060
3928185060
3929185060
3930185060
3931185060
3932185060
3933185060
3934185060
3935185060
3936185060
3937185060
3938185060
3939185060
3940185060
3941185060
3942185060
3943185060
3944185060
3945185060
3946185060
3947185060
3948185060
3949185060
3950185060
3951185060
3952185060
3953185060
3954185060
3955185060
3956185060
3957185060
3958185060
3959185060
3960185060
3961185060
3962185060
3963185060
3964185060
3965185060
3966185060
3967185060
3968185060
3969185060
3970185060
3971185060
3972185060
3973185060
3974185060
3975185060
3976185060
3977185060
3978185060
3979185060
3980185060
3981185060
3982185060
3983185060
3984185060
3985185060
3986185060
3987185060
3988185060
3989185060
3990185060
3991185060
3992185060
3993185060
3994185060
3995185060
3996185060
3997185060
3998185060
3999185060
4000185060
4001185060
4002185060
4003185060
4004185060
4005185060
4006185060
4007185060
4008185060
4009185060
4010185060
4011185060
4012185060
4013185060
4014185060
4015185060
4016185060
4017185060
4018185060
4019185060
4020185060
4021185060
4022185060
4023185060
4024185060
4025185060
4026185060
4027185060
4028185060
4029185060
4030185060
4031185060
4032185060
4033185060
4034185060
4035185060
4036185060
4037185060
4038185060
4039185060
4040185060
4041185060
4042185060
4043185060
4044185060
4045185060
4046185060
4047185060
4048185060
4049185060
4050185060
4051185060
4052185060
4053185060
4054185060
4055185060
4056185060
4057185060
4058185060
4059185060
4060185060
4061185060
4062185060
4063185060
4064185060
4065185060
4066185060
4067185060
4068185060
4069185060
4070185060
4071185060
4072185060
4073185060
4074185060
4075185060
4076185060
4077185060
4078185060
4079185060
4080185060
4081185060
4082185060
4083185060
4084185060
4085185060
4086185060
4087185060
4088185060
4089185060
4090185060
4091185060
4092185060
4093185060
4094185060
4095185060
4096185060
4097185060
4098185060
4099185060
4100185060
4101185060
4102185060
4103185060
4104185060
4105185060
4106185060
4107185060
4108185060
4109185060
4110185060
4111185060
4112185060
4113185060
4114185060
4115185060
4116185060
4117185060
4118185060
4119185060
4120185060
4121185060
4122185060
4123185060
4124185060
4125185060
4126185060
4127185060
4128185060
4129185060
4130185060
4131185060
4132185060
4133185060
4134185060
4135185060
4136185060
4137185060
4138185060
4139185060
4140185060
4141185060
4142185060
4143185060
4144185060
4145185060
4146185060
4147185060
4148185060
4149185060
4150185060
4151185060
4152185060
4153185060
4154185060
4155185060
4156185060
4157185060
4158185060
4159185060
4160185060
4161185060
4162185060
4163185060
4164185060
4165185060
4166185060
4167185060
4168185060
4169185060
4170185060
4171185060
4172185060
4173185060
4174185060
4175185060
4176185060
4177185060
4178185060
4179185060
4180185060
4181185060
4182185060
4183185060
4184185060
4185185060
4186185060
4187185060
4188185060
4189185060
4190185060
4191185060
4192185060
4193185060
4194185060
4195185060
4196185060
4197185060
4198185060
4199185060
4200185060
4201185060
4202185060
4203185060
4204185060
4205185060
4206185060
4207185060
4208185060
4209185060
4210185060
4211185060
4212185060
4213185060
4214185060
4215185060
4216185060
4217185060
4218185060
4219185060
4220185060
4221185060
4222185060
4223185060
4224185060
4225185060
4226185060
4227185060
4228185060
4229185060
4230185060
4231185060
4232185060
4233185060
4234185060
4235185060
4236185060
4237185060
4238185060
4239185060
4240185060
4241185060
4242185060
4243185060
4244185060
4245185060
4246185060
4247185060
4248185060
4249185060
4250185060
4251185060
4252185060
4253185060
4254185060
4255185060
4256185060
4257185060
4258185060
4259185060
4260185060
4261185060
4262185060
4263185060
4264185060
4265185060
4266185060
4267185060
4268185060
4269185060
4270185060
4271185060
4272185060
4273185060
4274185060
4275185060
4276185060
4277185060
4278185060
4279185060
4280185060
4281185060
4282185060
4283185060
4284185060
4285185060
4286185060
4287185060
4288185060
4289185060
4290185060
4291185060
4292185060
4293185060
4294185060
4295185060
4296185060
4297185060
4298185060
4299185060
4300185060
4301185060
4302185060
4303185060
4304185060
4305185060
4306185060
4307185060
4308185060
4309185060
4310185060
4311185060
4312185060
4313185060
4314185060
4315185060
4316185060
4317185060
4318185060
4319185060
4320185060
4321185060
4322185060
4323185060
4324185060
4325185060
4326185060
4327185060
4328185060
4329185060
4330185060
4331185060
4332185060
4333185060
4334185060
4335185060
4336185060
4337185060
4338185060
4339185060
4340185060
4341185060
4342185060
4343185060
4344185060
4345185060
4346185060
4347185060
4348185060
4349185060
4350185060
4351185060
4352185060
4353185060
4354185060
4355185060
4356185060
4357185060
4358185060
4359185060
4360185060
4361185060
4362185060
4363185060
4364185060
4365185060
4366185060
4367185060
4368185060
4369185060
4370185060
4371185060
4372185060
4373185060
4374185060
4375185060
4376185060
4377185060
4378185060
4379185060
4380185060
4381185060
4382185060
4383185060
4384185060
4385185060
4386185060
4387185060
4388185060
4389185060
4390185060
4391185060
4392185060
4393185060
4394185060
4395185060
4396185060
4397185060
4398185060
4399185060
4400185060
4401185060
4402185060
4403185060
4404185060
4405185060
4406185060
4407185060
4408185060
4409185060
4410185060
4411185060
4412185060
4413185060
4414185060
4415185060
4416185060
4417185060
4418185060
4419185060
4420185060
4421185060
4422185060
4423185060
4424185060
4425185060
4426185060
4427185060
4428185060
4429185060
4430185060
4431185060
4432185060
4433185060
4434185060
4435185060
4436185060
4437185060
4438185060
4439185060
4440185060
4441185060
4442185060
4443185060
4444185060
4445185060
4446185060
4447185060
4448185060
4449185060
4450185060
4451185060
4452185060
4453185060
4454185060
4455185060
4456185060
4457185060
4458185060
4459185060
4460185060
4461185060
4462185060
4463185060
4464185060
4465185060
4466185060
4467185060
4468185060
4469185060
4470185060
4471185060
4472185060
4473185060
4474185060
4475185060
4476185060
4477185060
4478185060
4479185060
4480185060
4481185060
4482185060
4483185060
4484185060
4485185060
4486185060
4487185060
4488185060
4489185060
4490185060
4491185060
4492185060
4493185060
4494185060
4495185060
4496185060
4497185060
4498185060
4499185060
4500185060
4501185060
4502185060
4503185060
4504185060
4505185060
4506185060
4507185060
4508185060
4509185060
4510185060
4511185060
4512185060
4513185060
4514185060
4515185060
4516185060
4517185060
4518185060
4519185060
4520185060
4521185060
4522185060
4523185060
4524185060
4525185060
4526185060
4527185060
4528185060
4529185060
4530185060
4531185060
4532185060
4533185060
4534185060
4535185060
4536185060
4537185060
4538185060
4539185060
4540185060
4541185060
4542185060
4543185060
4544185060
4545185060
4546185060
4547185060
4548185060
4549185060
4550185060
4551185060
4552185060
4553185060
4554185060
4555185060
4556185060
4557185060
4558185060
4559185060
4560185060
4561185060
4562185060
4563185060
4564185060
4565185060
4566185060
4567185060
4568185060
4569185060
4570185060
4571185060
4572185060
4573185060
4574185060
4575185060
4576185060
4577185060
4578185060
4579185060
4580185060
4581185060
4582185060
4583185060
4584185060
4585185060
4586185060
4587185060
4588185060
4589185060
4590185060
4591185060
4592185060
4593185060
4594185060
4595185060
4596185060
4597185060
4598185060
4599185060
4600185060
4601185060
4602185060
4603185060
4604185060
4605185060
4606185060
4607185060
4608185060
4609185060
4610185060
4611185060
4612185060
4613185060
4614185060
4615185060
4616185060
4617185060
4618185060
4619185060
4620185060
4621185060
4622185060
4623185060
4624185060
4625185060
4626185060
4627185060
4628185060
4629185060
4630185060
4631185060
4632185060
4633185060
4634185060
4635185060
4636185060
4637185060
4638185060
4639185060
4640185060
4641185060
4642185060
4643185060
4644185060
4645185060
4646185060
4647185060
4648185060
4649185060
4650185060
4651185060
4652185060
4653185060
4654185060
4655185060
4656185060
4657185060
4658185060
4659185060
4660185060
4661185060
4662185060
4663185060
4664185060
4665185060
4666185060
4667185060
4668185060
4669185060
4670185060
4671185060
4672185060
4673185060
4674185060
4675185060
4676185060
4677185060
4678185060
4679185060
4680185060
4681185060
4682185060
4683185060
4684185060
4685185060
4686185060
4687185060
4688185060
4689185060
4690185060
4691185060
4692185060
4693185060
4694185060
4695185060
4696185060
4697185060
4698185060
4699185060
4700185060
4701185060
4702185060
4703185060
4704185060
4705185060
4706185060
4707185060
4708185060
4709185060
4710185060
4711185060
4712185060
4713185060
4714185060
4715185060
4716185060
4717185060
4718185060
4719185060
4720185060
4721185060
4722185060
4723185060
4724185060
4725185060
4726185060
4727185060
4728185060
4729185060
4730185060
4731185060
4732185060
4733185060
4734185060
4735185060
4736185060
4737185060
4738185060
4739185060
4740185060
4741185060
4742185060
4743185060
4744185060
4745185060
4746185060
4747185060
4748185060
4749185060
4750185060
4751185060
4752185060
4753185060
4754185060
4755185060
4756185060
4757185060
4758185060
4759185060
4760185060
4761185060
4762185060
4763185060
4764185060
4765185060
4766185060
4767185060
4768185060
4769185060
4770185060
4771185060
4772185060
4773185060
4774185060
4775185060
4776185060
4777185060
4778185060
4779185060
4780185060
4781185060
4782185060
4783185060
4784185060
4785185060
4786185060
4787185060
4788185060
4789185060
4790185060
4791185060
4792185060
4793185060
4794185060
4795185060
4796185060
4797185060
4798185060
4799185060
4800185060
4801185060
4802185060
4803185060
4804185060
4805185060
4806185060
4807185060
4808185060
4809185060
4810185060
4811185060
4812185060
4813185060
4814185060
4815185060
4816185060
4817185060
4818185060
4819185060
4820185060
4821185060
4822185060
4823185060
4824185060
4825185060
4826185060
4827185060
4828185060
4829185060
4830185060
4831185060
4832185060
4833185060
4834185060
4835185060
4836185060
4837185060
4838185060
4839185060
4840185060
4841185060
4842185060
4843185060
4844185060
4845185060
4846185060
4847185060
4848185060
4849185060
4850185060
4851185060
4852185060
4853185060
4854185060
4855185060
4856185060
4857185060
4858185060
4859185060
4860185060
4861185060
4862185060
4863185060
4864185060
4865185060
4866185060
4867185060
4868185060
4869185060
4870185060
4871185060
4872185060
4873185060
4874185060
4875185060
4876185060
4877185060
4878185060
4879185060
4880185060
4881185060
4882185060
4883185060
4884185060
4885185060
4886185060
4887185060
4888185060
4889185060
4890185060
4891185060
4892185060
4893185060
4894185060
4895185060
4896185060
4897185060
4898185060
4899185060
4900185060
4901185060
4902185060
4903185060
4904185060
4905185060
4906185060
4907185060
4908185060
4909185060
4910185060
4911185060
4912185060
4913185060
4914185060
4915185060
4916185060
4917185060
4918185060
4919185060
4920185060
4921185060
4922185060
4923185060
4924185060
4925185060
4926185060
4927185060
4928185060
4929185060
4930185060
4931185060
4932185060
4933185060
4934185060
4935185060
4936185060
4937185060
4938185060
4939185060
4940185060
4941185060
4942185060
4943185060
4944185060
4945185060
4946185060
4947185060
4948185060
4949185060
4950185060
4951185060
4952185060
4953185060
4954185060
4955185060
4956185060
4957185060
4958185060
4959185060
4960185060
4961185060
4962185060
4963185060
4964185060
4965185060
4966185060
4967185060
4968185060
4969185060
4970185060
4971185060
4972185060
4973185060
4974185060
4975185060
4976185060
4977185060
4978185060
4979185060
4980185060
4981185060
4982185060
4983185060
4984185060
4985185060
4986185060
4987185060
4988185060
4989185060
4990185060
4991185060
4992185060
4993185060
4994185060
4995185060
4996185060
4997185060
4998185060
4999185060
5000185060
5001185060
5002185060
5003185060
5004185060
5005185060
5006185060
5007185060
5008185060
5009185060
5010185060
5011185060
5012185060
5013185060
5014185060
5015185060
5016185060
5017185060
5018185060
5019185060
5020185060
5021185060
5022185060
5023185060
5024185060
5025185060
5026185060
5027185060
5028185060
5029185060
5030185060
5031185060
5032185060
5033185060
5034185060
5035185060
5036185060
5037185060
5038185060
5039185060
5040185060
5041185060
5042185060
5043185060
5044185060
5045185060
5046185060
5047185060
5048185060
5049185060
5050185060
5051185060
5052185060
5053185060
5054185060
5055185060
5056185060
5057185060
5058185060
5059185060
5060185060
5061185060
5062185060
5063185060
5064185060
5065185060
5066185060
5067185060
5068185060
5069185060
5070185060
5071185060
5072185060
5073185060
5074185060
5075185060
5076185060
5077185060
5078185060
5079185060
5080185060
5081185060
5082185060
5083185060
5084185060
5085185060
5086185060
5087185060
5088185060
5089185060
5090185060
5091185060
5092185060
5093185060
5094185060
5095185060
5096185060
5097185060
5098185060
5099185060
5100185060
5101185060
5102185060
5103185060
5104185060
5105185060
5106185060
5107185060
5108185060
5109185060
5110185060
5111185060
5112185060
5113185060
5114185060
5115185060
5116185060
5117185060
5118185060
5119185060
5120185060
5121185060
5122185060
5123185060
5124185060
5125185060
5126185060
5127185060
5128185060
5129185060
5130185060
5131185060
5132185060
5133185060
5134185060
5135185060
5136185060
5137185060
5138185060
5139185060
5140185060
5141185060
5142185060
5143185060
5144185060
5145185060
5146185060
5147185060
5148185060
5149185060
5150185060
5151185060
5152185060
5153185060
5154185060
5155185060
5156185060
5157185060
5158185060
5159185060
5160185060
5161185060
5162185060
5163185060
5164185060
5165185060
5166185060
5167185060
5168185060
5169185060
5170185060
5171185060
5172185060
5173185060
5174185060
5175185060
5176185060
5177185060
5178185060
5179185060
5180185060
5181185060
5182185060
5183185060
5184185060
5185185060
5186185060
5187185060
5188185060
5189185060
5190185060
5191185060
5192185060
5193185060
5194185060
5195185060
5196185060
5197185060
5198185060
5199185060
5200185060
5201185060
5202185060
5203185060
5204185060
5205185060
5206185060
5207185060
5208185060
5209185060
5210185060
5211185060
5212185060
5213185060
5214185060
5215185060
5216185060
5217185060
5218185060
5219185060
5220185060
5221185060
5222185060
5223185060
5224185060
5225185060
5226185060
5227185060
5228185060
5229185060
5230185060
5231185060
5232185060
5233185060
5234185060
5235185060
5236185060
5237185060
5238185060
5239185060
5240185060
5241185060
5242185060
5243185060
5244185060
5245185060
5246185060
5247185060
5248185060
5249185060
5250185060
5251185060
5252185060
5253185060
5254185060
5255185060
5256185060
5257185060
5258185060
5259185060
5260185060
5261185060
5262185060
5263185060
5264185060
5265185060
5266185060
5267185060
5268185060
5269185060
5270185060
5271185060
5272185060
5273185060
5274185060
5275185060
5276185060
5277185060
5278185060
5279185060
5280185060
5281185060
5282185060
5283185060
5284185060
5285185060
5286185060
5287185060
5288185060
5289185060
5290185060
5291185060
5292185060
5293185060
5294185060
5295185060
5296185060
5297185060
5298185060
5299185060
5300185060
5301185060
5302185060
5303185060
5304185060
5305185060
5306185060
5307185060
5308185060
5309185060
5310185060
5311185060
5312185060
5313185060
5314185060
5315185060
5316185060
5317185060
5318185060
5319185060
5320185060
5321185060
5322185060
5323185060
5324185060
5325185060
5326185060
5327185060
5328185060
5329185060
5330185060
5331185060
5332185060
5333185060
5334185060
5335185060
5336185060
5337185060
5338185060
5339185060
5340185060
5341185060
5342185060
5343185060
5344185060
5345185060
5346185060
5347185060
5348185060
5349185060
5350185060
5351185060
5352185060
5353185060
5354185060
5355185060
5356185060
5357185060
5358185060
5359185060
5360185060
5361185060
5362185060
5363185060
5364185060
5365185060
5366185060
5367185060
5368185060
5369185060
5370185060
5371185060
5372185060
5373185060
5374185060
5375185060
5376185060
5377185060
5378185060
5379185060
5380185060
5381185060
5382185060
5383185060
5384185060
5385185060
5386185060
5387185060
5388185060
5389185060
5390185060
5391185060
5392185060
5393185060
5394185060
5395185060
5396185060
5397185060
5398185060
5399185060
5400185060
5401185060
5402185060
5403185060
5404185060
5405185060
5406185060
5407185060
5408185060
5409185060
5410185060
5411185060
5412185060
5413185060
5414185060
5415185060
5416185060
5417185060
5418185060
5419185060
5420185060
5421185060
5422185060
5423185060
5424185060
5425185060
5426185060
5427185060
5428185060
5429185060
5430185060
5431185060
5432185060
5433185060
5434185060
5435185060
5436185060
5437185060
5438185060
5439185060
5440185060
5441185060
5442185060
5443185060
5444185060
5445185060
5446185060
5447185060
5448185060
5449185060
5450185060
5451185060
5452185060
5453185060
5454185060
5455185060
5456185060
5457185060
5458185060
5459185060
5460185060
5461185060
5462185060
5463185060
5464185060
5465185060
5466185060
5467185060
5468185060
5469185060
5470185060
5471185060
5472185060
5473185060
5474185060
5475185060
5476185060
5477185060
5478185060
5479185060
5480185060
5481185060
5482185060
5483185060
5484185060
5485185060
5486185060
5487185060
5488185060
5489185060
5490185060
5491185060
5492185060
5493185060
5494185060
5495185060
5496185060
5497185060
5498185060
5499185060
5500185060
5501185060
5502185060
5503185060
5504185060
5505185060
5506185060
5507185060
5508185060
5509185060
5510185060
5511185060
5512185060
5513185060
5514185060
5515185060
5516185060
5517185060
5518185060
5519185060
5520185060
5521185060
5522185060
5523185060
5524185060
5525185060
5526185060
5527185060
5528185060
5529185060
5530185060
5531185060
5532185060
5533185060
5534185060
5535185060
5536185060
5537185060
5538185060
5539185060
5540185060
5541185060
5542185060
5543185060
5544185060
5545185060
5546185060
5547185060
5548185060
5549185060
5550185060
5551185060
5552185060
5553185060
5554185060
5555185060
5556185060
5557185060
5558185060
5559185060
5560185060
5561185060
5562185060
5563185060
5564185060
5565185060
5566185060
5567185060
5568185060
5569185060
5570185060
5571185060
5572185060
5573185060
5574185060
5575185060
5576185060
5577185060
5578185060
5579185060
5580185060
5581185060
5582185060
5583185060
5584185060
5585185060
5586185060
5587185060
5588185060
5589185060
5590185060
5591185060
5592185060
5593185060
5594185060
5595185060
5596185060
5597185060
5598185060
5599185060
5600185060
5601185060
5602185060
5603185060
5604185060
5605185060
5606185060
5607185060
5608185060
5609185060
5610185060
5611185060
5612185060
5613185060
5614185060
5615185060
5616185060
5617185060
5618185060
5619185060
5620185060
5621185060
5622185060
5623185060
5624185060
5625185060
5626185060
5627185060
5628185060
5629185060
5630185060
5631185060
5632185060
5633185060
5634185060
5635185060
5636185060
5637185060
5638185060
5639185060
5640185060
5641185060
5642185060
5643185060
5644185060
5645185060
5646185060
5647185060
5648185060
5649185060
5650185060
5651185060
5652185060
5653185060
5654185060
5655185060
5656185060
5657185060
5658185060
5659185060
5660185060
5661185060
5662185060
5663185060
5664185060
5665185060
5666185060
5667185060
5668185060
5669185060
5670185060
5671185060
5672185060
5673185060
5674185060
5675185060
5676185060
5677185060
5678185060
5679185060
5680185060
5681185060
5682185060
5683185060
5684185060
5685185060
5686185060
5687185060
5688185060
5689185060
5690185060
5691185060
5692185060
5693185060
5694185060
5695185060
5696185060
5697185060
5698185060
5699185060
5700185060
5701185060
5702185060
5703185060
5704185060
5705185060
5706185060
5707185060
5708185060
5709185060
5710185060
5711185060
5712185060
5713185060
5714185060
5715185060
5716185060
5717185060
5718185060
5719185060
5720185060
5721185060
5722185060
5723185060
5724185060
5725185060
5726185060
5727185060
5728185060
5729185060
5730185060
5731185060
5732185060
5733185060
5734185060
5735185060
5736185060
5737185060
5738185060
5739185060
5740185060
5741185060
5742185060
5743185060
5744185060
5745185060
5746185060
5747185060
5748185060
5749185060
5750185060
5751185060
5752185060
5753185060
5754185060
5755185060
5756185060
5757185060
5758185060
5759185060
5760185060
5761185060
5762185060
5763185060
5764185060
5765185060
5766185060
5767185060
5768185060
5769185060
5770185060
5771185060
5772185060
5773185060
5774185060
5775185060
5776185060
5777185060
5778185060
5779185060
5780185060
5781185060
5782185060
5783185060
5784185060
5785185060
5786185060
5787185060
5788185060
5789185060
5790185060
5791185060
5792185060
5793185060
5794185060
5795185060
5796185060
5797185060
5798185060
5799185060
5800185060
5801185060
5802185060
5803185060
5804185060
5805185060
5806185060
5807185060
5808185060
5809185060
5810185060
5811185060
5812185060
5813185060
5814185060
5815185060
5816185060
5817185060
5818185060
5819185060
5820185060
5821185060
5822185060
5823185060
5824185060
5825185060
5826185060
5827185060
5828185060
5829185060
5830185060
5831185060
5832185060
5833185060
5834185060
5835185060
5836185060
5837185060
5838185060
5839185060
5840185060
5841185060
5842185060
5843185060
5844185060
5845185060
5846185060
5847185060
5848185060
5849185060
5850185060
5851185060
5852185060
5853185060
5854185060
5855185060
5856185060
5857185060
5858185060
5859185060
5860185060
5861185060
5862185060
5863185060
5864185060
5865185060
5866185060
5867185060
5868185060
5869185060
5870185060
5871185060
5872185060
5873185060
5874185060
5875185060
5876185060
5877185060
5878185060
5879185060
5880185060
5881185060
5882185060
5883185060
5884185060
5885185060
5886185060
5887185060
5888185060
5889185060
5890185060
5891185060
5892185060
5893185060
5894185060
5895185060
5896185060
5897185060
5898185060
5899185060
5900185060
5901185060
5902185060
5903185060
5904185060
5905185060
5906185060
5907185060
5908185060
5909185060
5910185060
5911185060
5912185060
5913185060
5914185060
5915185060
5916185060
5917185060
5918185060
5919185060
5920185060
5921185060
5922185060
5923185060
5924185060
5925185060
5926185060
5927185060
5928185060
5929185060
5930185060
5931185060
5932185060
5933185060
5934185060
5935185060
5936185060
5937185060
5938185060
5939185060
5940185060
5941185060
5942185060
5943185060
5944185060
5945185060
5946185060
5947185060
5948185060
5949185060
5950185060
5951185060
5952185060
5953185060
5954185060
5955185060
5956185060
5957185060
5958185060
5959185060
5960185060
5961185060
5962185060
5963185060
5964185060
5965185060
5966185060
5967185060
5968185060
5969185060
5970185060
5971185060
5972185060
5973185060
5974185060
5975185060
5976185060
5977185060
5978185060
5979185060
5980185060
5981185060
5982185060
5983185060
5984185060
5985185060
5986185060
5987185060
5988185060
5989185060
5990185060
5991185060
5992185060
5993185060
5994185060
5995185060
5996185060
5997185060
5998185060
5999185060
6000185060
6001185060
6002185060
6003185060
6004185060
6005185060
6006185060
6007185060
6008185060
6009185060
6010185060
6011185060
6012185060
6013185060
6014185060
6015185060
6016185060
6017185060
6018185060
6019185060
6020185060
6021185060
6022185060
6023185060
6024185060
6025185060
6026185060
6027185060
6028185060
6029185060
6030185060
6031185060
6032185060
6033185060
6034185060
6035185060
6036185060
6037185060
6038185060
6039185060
6040185060
6041185060
6042185060
6043185060
6044185060
6045185060
6046185060
6047185060
6048185060
6049185060
6050185060
6051185060
6052185060
6053185060
6054185060
6055185060
6056185060
6057185060
6058185060
6059185060
6060185060
6061185060
6062185060
6063185060
6064185060
6065185060
6066185060
6067185060
6068185060
6069185060
6070185060
6071185060
6072185060
6073185060
6074185060
6075185060
6076185060
6077185060
6078185060
6079185060
6080185060
6081185060
6082185060
6083185060
6084185060
6085185060
6086185060
6087185060
6088185060
6089185060
6090185060
6091185060
6092185060
6093185060
6094185060
6095185060
6096185060
6097185060
6098185060
6099185060
6100185060
6101185060
6102185060
6103185060
6104185060
6105185060
6106185060
6107185060
6108185060
6109185060
6110185060
6111185060
6112185060
6113185060
6114185060
6115185060
6116185060
6117185060
6118185060
6119185060
6120185060
6121185060
6122185060
6123185060
6124185060
6125185060
6126185060
6127185060
6128185060
6129185060
6130185060
6131185060
6132185060
6133185060
6134185060
6135185060
6136185060
6137185060
6138185060
6139185060
6140185060
6141185060
6142185060
6143185060
6144185060
6145185060
6146185060
6147185060
6148185060
6149185060
6150185060
6151185060
6152185060
6153185060
6154185060
6155185060
6156185060
6157185060
6158185060
6159185060
6160185060
6161185060
6162185060
6163185060
6164185060
6165185060
6166185060
6167185060
6168185060
6169185060
6170185060
6171185060
6172185060
6173185060
6174185060
6175185060
6176185060
6177185060
6178185060
6179185060
6180185060
6181185060
6182185060
6183185060
6184185060
6185185060
6186185060
6187185060
6188185060
6189185060
6190185060
6191185060
6192185060
6193185060
6194185060
6195185060
6196185060
6197185060
6198185060
6199185060
6200185060
6201185060
6202185060
6203185060
6204185060
6205185060
6206185060
6207185060
6208185060
6209185060
6210185060
6211185060
6212185060
6213185060
6214185060
6215185060
6216185060
6217185060
6218185060
6219185060
6220185060
6221185060
6222185060
6223185060
6224185060
6225185060
6226185060
6227185060
6228185060
6229185060
6230185060
6231185060
6232185060
6233185060
6234185060
6235185060
6236185060
6237185060
6238185060
6239185060
6240185060
6241185060
6242185060
6243185060
6244185060
6245185060
6246185060
6247185060
6248185060
6249185060
6250185060
6251185060
6252185060
6253185060
6254185060
6255185060
6256185060
6257185060
6258185060
6259185060
6260185060
6261185060
6262185060
6263185060
6264185060
6265185060
6266185060
6267185060
6268185060
6269185060
6270185060
6271185060
6272185060
6273185060
6274185060
6275185060
6276185060
6277185060
6278185060
6279185060
6280185060
6281185060
6282185060
6283185060
6284185060
6285185060
6286185060
6287185060
6288185060
6289185060
6290185060
6291185060
6292185060
6293185060
6294185060
6295185060
6296185060
6297185060
6298185060
6299185060
6300185060
6301185060
6302185060
6303185060
6304185060
6305185060
6306185060
6307185060
6308185060
6309185060
6310185060
6311185060
6312185060
6313185060
6314185060
6315185060
6316185060
6317185060
6318185060
6319185060
6320185060
6321185060
6322185060
6323185060
6324185060
6325185060
6326185060
6327185060
6328185060
6329185060
6330185060
6331185060
6332185060
6333185060
6334185060
6335185060
6336185060
6337185060
6338185060
6339185060
6340185060
6341185060
6342185060
6343185060
6344185060
6345185060
6346185060
6347185060
6348185060
6349185060
6350185060
6351185060
6352185060
6353185060
6354185060
6355185060
6356185060
6357185060
6358185060
6359185060
6360185060
6361185060
6362185060
6363185060
6364185060
6365185060
6366185060
6367185060
6368185060
6369185060
6370185060
6371185060
6372185060
6373185060
6374185060
6375185060
6376185060
6377185060
6378185060
6379185060
6380185060
6381185060
6382185060
6383185060
6384185060
6385185060
6386185060
6387185060
6388185060
6389185060
6390185060
6391185060
6392185060
6393185060
6394185060
6395185060
6396185060
6397185060
6398185060
6399185060
6400185060
6401185060
6402185060
6403185060
6404185060
6405185060
6406185060
6407185060
6408185060
6409185060
6410185060
6411185060
6412185060
6413185060
6414185060
6415185060
6416185060
6417185060
6418185060
6419185060
6420185060
6421185060
6422185060
6423185060
6424185060
6425185060
6426185060
6427185060
6428185060
6429185060
6430185060
6431185060
6432185060
6433185060
6434185060
6435185060
6436185060
6437185060
6438185060
6439185060
6440185060
6441185060
6442185060
6443185060
6444185060
6445185060
6446185060
6447185060
6448185060
6449185060
6450185060
6451185060
6452185060
6453185060
6454185060
6455185060
6456185060
6457185060
6458185060
6459185060
6460185060
6461185060
6462185060
6463185060
6464185060
6465185060
6466185060
6467185060
6468185060
6469185060
6470185060
6471185060
6472185060
6473185060
6474185060
6475185060
6476185060
6477185060
6478185060
6479185060
6480185060
6481185060
6482185060
6483185060
6484185060
6485185060
6486185060
6487185060
6488185060
6489185060
6490185060
6491185060
6492185060
6493185060
6494185060
6495185060
6496185060
6497185060
6498185060
6499185060
6500185060
6501185060
6502185060
6503185060
6504185060
6505185060
6506185060
6507185060
6508185060
6509185060
6510185060
6511185060
6512185060
6513185060
6514185060
6515185060
6516185060
6517185060
6518185060
6519185060
6520185060
6521185060
6522185060
6523185060
6524185060
6525185060
6526185060
6527185060
6528185060
6529185060
6530185060
6531185060
6532185060
6533185060
6534185060
6535185060
6536185060
6537185060
6538185060
6539185060
6540185060
6541185060
6542185060
6543185060
6544185060
6545185060
6546185060
6547185060
6548185060
6549185060
6550185060
6551185060
6552185060
6553185060
6554185060
6555185060
6556185060
6557185060
6558185060
6559185060
6560185060
6561185060
6562185060
6563185060
6564185060
6565185060
6566185060
6567185060
6568185060
6569185060
6570185060
6571185060
6572185060
6573185060
6574185060
6575185060
6576185060
6577185060
6578185060
6579185060
6580185060
6581185060
6582185060
6583185060
6584185060
6585185060
6586185060
6587185060
6588185060
6589185060
6590185060
6591185060
6592185060
6593185060
6594185060
6595185060
6596185060
6597185060
6598185060
6599185060
6600185060
6601185060
6602185060
6603185060
6604185060
6605185060
6606185060
6607185060
6608185060
6609185060
6610185060
6611185060
6612185060
6613185060
6614185060
6615185060
6616185060
6617185060
6618185060
6619185060
6620185060
6621185060
6622185060
6623185060
6624185060
6625185060
6626185060
6627185060
6628185060
6629185060
6630185060
6631185060
6632185060
6633185060
6634185060
6635185060
6636185060
6637185060
6638185060
6639185060
6640185060
6641185060
6642185060
6643185060
6644185060
6645185060
6646185060
6647185060
6648185060
6649185060
6650185060
6651185060
6652185060
6653185060
6654185060
6655185060
6656185060
6657185060
6658185060
6659185060
6660185060
6661185060
6662185060
6663185060
6664185060
6665185060
6666185060
6667185060
6668185060
6669185060
6670185060
6671185060
6672185060
6673185060
6674185060
6675185060
6676185060
6677185060
6678185060
6679185060
6680185060
6681185060
6682185060
6683185060
6684185060
6685185060
6686185060
6687185060
6688185060
6689185060
6690185060
6691185060
6692185060
6693185060
6694185060
6695185060
6696185060
6697185060
6698185060
6699185060
6700185060
6701185060
6702185060
6703185060
6704185060
6705185060
6706185060
6707185060
6708185060
6709185060
6710185060
6711185060
6712185060
6713185060
6714185060
6715185060
6716185060
6717185060
6718185060
6719185060
6720185060
6721185060
6722185060
6723185060
6724185060
6725185060
6726185060
6727185060
6728185060
6729185060
6730185060
6731185060
6732185060
6733185060
6734185060
6735185060
6736185060
6737185060
6738185060
6739185060
6740185060
6741185060
6742185060
6743185060
6744185060
6745185060
6746185060
6747185060
6748185060
6749185060
6750185060
6751185060
6752185060
6753185060
6754185060
6755185060
6756185060
6757185060
6758185060
6759185060
6760185060
6761185060
6762185060
6763185060
6764185060
6765185060
6766185060
6767185060
6768185060
6769185060
6770185060
6771185060
6772185060
6773185060
6774185060
6775185060
6776185060
6777185060
6778185060
6779185060
6780185060
6781185060
6782185060
6783185060
6784185060
6785185060
6786185060
6787185060
6788185060
6789185060
6790185060
6791185060
6792185060
6793185060
6794185060
6795185060
6796185060
6797185060
6798185060
6799185060
6800185060
6801185060
6802185060
6803185060
6804185060
6805185060
6806185060
6807185060
6808185060
6809185060
6810185060
6811185060
6812185060
6813185060
6814185060
6815185060
6816185060
6817185060
6818185060
6819185060
6820185060
6821185060
6822185060
6823185060
6824185060
6825185060
6826185060
6827185060
6828185060
6829185060
6830185060
6831185060
6832185060
6833185060
6834185060
6835185060
6836185060
6837185060
6838185060
6839185060
6840185060
6841185060
6842185060
6843185060
6844185060
6845185060
6846185060
6847185060
6848185060
6849185060
6850185060
6851185060
6852185060
6853185060
6854185060
6855185060
6856185060
6857185060
6858185060
6859185060
6860185060
6861185060
6862185060
6863185060
6864185060
6865185060
6866185060
6867185060
6868185060
6869185060
6870185060
6871185060
6872185060
6873185060
6874185060
6875185060
6876185060
6877185060
6878185060
6879185060
6880185060
6881185060
6882185060
6883185060
6884185060
6885185060
6886185060
6887185060
6888185060
6889185060
6890185060
6891185060
6892185060
6893185060
6894185060
6895185060
6896185060
6897185060
6898185060
6899185060
6900185060
6901185060
6902185060
6903185060
6904185060
6905185060
6906185060
6907185060
6908185060
6909185060
6910185060
6911185060
6912185060
6913185060
6914185060
6915185060
6916185060
6917185060
6918185060
6919185060
6920185060
6921185060
6922185060
6923185060
6924185060
6925185060
6926185060
6927185060
6928185060
6929185060
6930185060
6931185060
6932185060
6933185060
6934185060
6935185060
6936185060
6937185060
6938185060
6939185060
6940185060
6941185060
6942185060
6943185060
6944185060
6945185060
6946185060
6947185060
6948185060
6949185060
6950185060
6951185060
6952185060
6953185060
6954185060
6955185060
6956185060
6957185060
6958185060
6959185060
6960185060
6961185060
6962185060
6963185060
6964185060
6965185060
6966185060
6967185060
6968185060
6969185060
6970185060
6971185060
6972185060
6973185060
6974185060
6975185060
6976185060
6977185060
6978185060
6979185060
6980185060
6981185060
6982185060
6983185060
6984185060
6985185060
6986185060
6987185060
6988185060
6989185060
6990185060
6991185060
6992185060
6993185060
6994185060
6995185060
6996185060
6997185060
6998185060
6999185060
7000185060
7001185060
7002185060
7003185060
7004185060
7005185060
7006185060
7007185060
7008185060
7009185060
7010185060
7011185060
7012185060
7013185060
7014185060
7015185060
7016185060
7017185060
7018185060
7019185060
7020185060
7021185060
7022185060
7023185060
7024185060
7025185060
7026185060
7027185060
7028185060
7029185060
7030185060
7031185060
7032185060
7033185060
7034185060
7035185060
7036185060
7037185060
7038185060
7039185060
7040185060
7041185060
7042185060
7043185060
7044185060
7045185060
7046185060
7047185060
7048185060
7049185060
7050185060
7051185060
7052185060
7053185060
7054185060
7055185060
7056185060
7057185060
7058185060
7059185060
7060185060
7061185060
7062185060
7063185060
7064185060
7065185060
7066185060
7067185060
7068185060
7069185060
7070185060
7071185060
7072185060
7073185060
7074185060
7075185060
7076185060
7077185060
7078185060
7079185060
7080185060
7081185060
7082185060
7083185060
7084185060
7085185060
7086185060
7087185060
7088185060
7089185060
7090185060
7091185060
7092185060
7093185060
7094185060
7095185060
7096185060
7097185060
7098185060
7099185060
7100185060
7101185060
7102185060
7103185060
7104185060
7105185060
7106185060
7107185060
7108185060
7109185060
7110185060
7111185060
7112185060
7113185060
7114185060
7115185060
7116185060
7117185060
7118185060
7119185060
7120185060
7121185060
7122185060
7123185060
7124185060
7125185060
7126185060
7127185060
7128185060
7129185060
7130185060
7131185060
7132185060
7133185060
7134185060
7135185060
7136185060
7137185060
7138185060
7139185060
7140185060
7141185060
7142185060
7143185060
7144185060
7145185060
7146185060
7147185060
7148185060
7149185060
7150185060
7151185060
7152185060
7153185060
7154185060
7155185060
7156185060
7157185060
7158185060
7159185060
7160185060
7161185060
7162185060
7163185060
7164185060
7165185060
7166185060
7167185060
7168185060
7169185060
7170185060
7171185060
7172185060
7173185060
7174185060
7175185060
7176185060
7177185060
7178185060
7179185060
7180185060
7181185060
7182185060
7183185060
7184185060
7185185060
7186185060
7187185060
7188185060
7189185060
7190185060
7191185060
7192185060
7193185060
7194185060
7195185060
7196185060
7197185060
7198185060
7199185060
7200185060
7201185060
7202185060
7203185060
7204185060
7205185060
7206185060
7207185060
7208185060
7209185060
7210185060
7211185060
7212185060
7213185060
7214185060
7215185060
7216185060
7217185060
7218185060
7219185060
7220185060
7221185060
7222185060
7223185060
7224185060
7225185060
7226185060
7227185060
7228185060
7229185060
7230185060
7231185060
7232185060
7233185060
7234185060
7235185060
7236185060
7237185060
7238185060
7239185060
7240185060
7241185060
7242185060
7243185060
7244185060
7245185060
7246185060
7247185060
7248185060
7249185060
7250185060
7251185060
7252185060
7253185060
7254185060
7255185060
7256185060
7257185060
7258185060
7259185060
7260185060
7261185060
7262185060
7263185060
7264185060
7265185060
7266185060
7267185060
7268185060
7269185060
7270185060
7271185060
7272185060
7273185060
7274185060
7275185060
7276185060
7277185060
7278185060
7279185060
7280185060
7281185060
7282185060
7283185060
7284185060
7285185060
7286185060
7287185060
7288185060
7289185060
7290185060
7291185060
7292185060
7293185060
7294185060
7295185060
7296185060
7297185060
7298185060
7299185060
7300185060
7301185060
7302185060
7303185060
7304185060
7305185060
7306185060
7307185060
7308185060
7309185060
7310185060
7311185060
7312185060
7313185060
7314185060
7315185060
7316185060
7317185060
7318185060
7319185060
7320185060
7321185060
7322185060
7323185060
7324185060
7325185060
7326185060
7327185060
7328185060
7329185060
7330185060
7331185060
7332185060
7333185060
7334185060
7335185060
7336185060
7337185060
7338185060
7339185060
7340185060
7341185060
7342185060
7343185060
7344185060
7345185060
7346185060
7347185060
7348185060
7349185060
7350185060
7351185060
7352185060
7353185060
7354185060
7355185060
7356185060
7357185060
7358185060
7359185060
7360185060
7361185060
7362185060
7363185060
7364185060
7365185060
7366185060
7367185060
7368185060
7369185060
7370185060
7371185060
7372185060
7373185060
7374185060
7375185060
7376185060
7377185060
7378185060
7379185060
7380185060
7381185060
7382185060
7383185060
7384185060
7385185060
7386185060
7387185060
7388185060
7389185060
7390185060
7391185060
7392185060
7393185060
7394185060
7395185060
7396185060
7397185060
7398185060
7399185060
7400185060
7401185060
7402185060
7403185060
7404185060
7405185060
7406185060
7407185060
7408185060
7409185060
7410185060
7411185060
7412185060
7413185060
7414185060
7415185060
7416185060
7417185060
7418185060
7419185060
7420185060
7421185060
7422185060
7423185060
7424185060
7425185060
7426185060
7427185060
7428185060
7429185060
7430185060
7431185060
7432185060
7433185060
7434185060
7435185060
7436185060
7437185060
7438185060
7439185060
7440185060
7441185060
7442185060
7443185060
7444185060
7445185060
7446185060
7447185060
7448185060
7449185060
7450185060
7451185060
7452185060
7453185060
7454185060
7455185060
7456185060
7457185060
7458185060
7459185060
7460185060
7461185060
7462185060
7463185060
7464185060
7465185060
7466185060
7467185060
7468185060
7469185060
7470185060
7471185060
7472185060
7473185060
7474185060
7475185060
7476185060
7477185060
7478185060
7479185060
7480185060
7481185060
7482185060
7483185060
7484185060
7485185060
7486185060
7487185060
7488185060
7489185060
7490185060
7491185060
7492185060
7493185060
7494185060
7495185060
7496185060
7497185060
7498185060
7499185060
7500185060
7501185060
7502185060
7503185060
7504185060
7505185060
7506185060
7507185060
7508185060
7509185060
7510185060
7511185060
7512185060
7513185060
7514185060
7515185060
7516185060
7517185060
7518185060
7519185060
7520185060
7521185060
7522185060
7523185060
7524185060
7525185060
7526185060
7527185060
7528185060
7529185060
7530185060
7531185060
7532185060
7533185060
7534185060
7535185060
7536185060
7537185060
7538185060
7539185060
7540185060
7541185060
7542185060
7543185060
7544185060
7545185060
7546185060
7547185060
7548185060
7549185060
7550185060
7551185060
7552185060
7553185060
7554185060
7555185060
7556185060
7557185060
7558185060
7559185060
7560185060
7561185060
7562185060
7563185060
7564185060
7565185060
7566185060
7567185060
7568185060
7569185060
7570185060
7571185060
7572185060
7573185060
7574185060
7575185060
7576185060
7577185060
7578185060
7579185060
7580185060
7581185060
7582185060
7583185060
7584185060
7585185060
7586185060
7587185060
7588185060
7589185060
7590185060
7591185060
7592185060
7593185060
7594185060
7595185060
7596185060
7597185060
7598185060
7599185060
7600185060
7601185060
7602185060
7603185060
7604185060
7605185060
7606185060
7607185060
7608185060
7609185060
7610185060
7611185060
7612185060
7613185060
7614185060
7615185060
7616185060
7617185060
7618185060
7619185060
7620185060
7621185060
7622185060
7623185060
7624185060
7625185060
7626185060
7627185060
7628185060
7629185060
7630185060
7631185060
7632185060
7633185060
7634185060
7635185060
7636185060
7637185060
7638185060
7639185060
7640185060
7641185060
7642185060
7643185060
7644185060
7645185060
7646185060
7647185060
7648185060
7649185060
7650185060
7651185060
7652185060
7653185060
7654185060
7655185060
7656185060
7657185060
7658185060
7659185060
7660185060
7661185060
7662185060
7663185060
7664185060
7665185060
7666185060
7667185060
7668185060
7669185060
7670185060
7671185060
7672185060
7673185060
7674185060
7675185060
7676185060
7677185060
7678185060
7679185060
7680185060
7681185060
7682185060
7683185060
7684185060
7685185060
7686185060
7687185060
7688185060
7689185060
7690185060
7691185060
7692185060
7693185060
7694185060
7695185060
7696185060
7697185060
7698185060
7699185060
7700185060
7701185060
7702185060
7703185060
7704185060
7705185060
7706185060
7707185060
7708185060
7709185060
7710185060
7711185060
7712185060
7713185060
7714185060
7715185060
7716185060
7717185060
7718185060
7719185060
7720185060
7721185060
7722185060
7723185060
7724185060
7725185060
7726185060
7727185060
7728185060
7729185060
7730185060
7731185060
7732185060
7733185060
7734185060
7735185060
7736185060
7737185060
7738185060
7739185060
7740185060
7741185060
7742185060
7743185060
7744185060
7745185060
7746185060
7747185060
7748185060
7749185060
7750185060
7751185060
7752185060
7753185060
7754185060
7755185060
7756185060
7757185060
7758185060
7759185060
7760185060
7761185060
7762185060
7763185060
7764185060
7765185060
7766185060
7767185060
7768185060
7769185060
7770185060
7771185060
7772185060
7773185060
7774185060
7775185060
7776185060
7777185060
7778185060
7779185060
7780185060
7781185060
7782185060
7783185060
7784185060
7785185060
7786185060
7787185060
7788185060
7789185060
7790185060
7791185060
7792185060
7793185060
7794185060
7795185060
7796185060
7797185060
7798185060
7799185060
7800185060
7801185060
7802185060
7803185060
7804185060
7805185060
7806185060
7807185060
7808185060
7809185060
7810185060
7811185060
7812185060
7813185060
7814185060
7815185060
7816185060
7817185060
7818185060
7819185060
7820185060
7821185060
7822185060
7823185060
7824185060
7825185060
7826185060
7827185060
7828185060
7829185060
7830185060
7831185060
7832185060
7833185060
7834185060
7835185060
7836185060
7837185060
7838185060
7839185060
7840185060
7841185060
7842185060
7843185060
7844185060
7845185060
7846185060
7847185060
7848185060
7849185060
7850185060
7851185060
7852185060
7853185060
7854185060
7855185060
7856185060
7857185060
7858185060
7859185060
7860185060
7861185060
7862185060
7863185060
7864185060
7865185060
7866185060
7867185060
7868185060
7869185060
7870185060
7871185060
7872185060
7873185060
7874185060
7875185060
7876185060
7877185060
7878185060
7879185060
7880185060
7881185060
7882185060
7883185060
7884185060
7885185060
7886185060
7887185060
7888185060
7889185060
7890185060
7891185060
7892185060
7893185060
7894185060
7895185060
7896185060
7897185060
7898185060
7899185060
7900185060
7901185060
7902185060
7903185060
7904185060
7905185060
7906185060
7907185060
7908185060
7909185060
7910185060
7911185060
7912185060
7913185060
7914185060
7915185060
7916185060
7917185060
7918185060
7919185060
7920185060
7921185060
7922185060
7923185060
7924185060
7925185060
7926185060
7927185060
7928185060
7929185060
7930185060
7931185060
7932185060
7933185060
7934185060
7935185060
7936185060
7937185060
7938185060
7939185060
7940185060
7941185060
7942185060
7943185060
7944185060
7945185060
7946185060
7947185060
7948185060
7949185060
7950185060
7951185060
7952185060
7953185060
7954185060
7955185060
7956185060
7957185060
7958185060
7959185060
7960185060
7961185060
7962185060
7963185060
7964185060
7965185060
7966185060
7967185060
7968185060
7969185060
7970185060
7971185060
7972185060
7973185060
7974185060
7975185060
7976185060
7977185060
7978185060
7979185060
7980185060
7981185060
7982185060
7983185060
7984185060
7985185060
7986185060
7987185060
7988185060
7989185060
7990185060
7991185060
7992185060
7993185060
7994185060
7995185060
7996185060
7997185060
7998185060
7999185060
8000185060
