1000232948
1001232948
1002232948
1003232948
1004232948
1005232948
1006232948
1007232948
1008232948
1009232948
1010232948
1011232948
1012232948
1013232948
1014232948
1015232948
1016232948
1017232948
1018232948
1019232948
1020232948
1021232948
1022232948
1023232948
1024232948
1025232948
1026232948
1027232948
1028232948
1029232948
1030232948
1031232948
1032232948
1033232948
1034232948
1035232948
1036232948
1037232948
1038232948
1039232948
1040232948
1041232948
1042232948
1043232948
1044232948
1045232948
1046232948
1047232948
1048232948
1049232948
1050232948
1051232948
1052232948
1053232948
1054232948
1055232948
1056232948
1057232948
1058232948
1059232948
1060232948
1061232948
1062232948
1063232948
1064232948
1065232948
1066232948
1067232948
1068232948
1069232948
1070232948
1071232948
1072232948
1073232948
1074232948
1075232948
1076232948
1077232948
1078232948
1079232948
1080232948
1081232948
1082232948
1083232948
1084232948
1085232948
1086232948
1087232948
1088232948
1089232948
1090232948
1091232948
1092232948
1093232948
1094232948
1095232948
1096232948
1097232948
1098232948
1099232948
1100232948
1101232948
1102232948
1103232948
1104232948
1105232948
1106232948
1107232948
1108232948
1109232948
1110232948
1111232948
1112232948
1113232948
1114232948
1115232948
1116232948
1117232948
1118232948
1119232948
1120232948
1121232948
1122232948
1123232948
1124232948
1125232948
1126232948
1127232948
1128232948
1129232948
1130232948
1131232948
1132232948
1133232948
1134232948
1135232948
1136232948
1137232948
1138232948
1139232948
1140232948
1141232948
1142232948
1143232948
1144232948
1145232948
1146232948
1147232948
1148232948
1149232948
1150232948
1151232948
1152232948
1153232948
1154232948
1155232948
1156232948
1157232948
1158232948
1159232948
1160232948
1161232948
1162232948
1163232948
1164232948
1165232948
1166232948
1167232948
1168232948
1169232948
1170232948
1171232948
1172232948
1173232948
1174232948
1175232948
1176232948
1177232948
1178232948
1179232948
1180232948
1181232948
1182232948
1183232948
1184232948
1185232948
1186232948
1187232948
1188232948
1189232948
1190232948
1191232948
1192232948
1193232948
1194232948
1195232948
1196232948
1197232948
1198232948
1199232948
1200232948
1201232948
1202232948
1203232948
1204232948
1205232948
1206232948
1207232948
1208232948
1209232948
1210232948
1211232948
1212232948
1213232948
1214232948
1215232948
1216232948
1217232948
1218232948
1219232948
1220232948
1221232948
1222232948
1223232948
1224232948
1225232948
1226232948
1227232948
1228232948
1229232948
1230232948
1231232948
1232232948
1233232948
1234232948
1235232948
1236232948
1237232948
1238232948
1239232948
1240232948
1241232948
1242232948
1243232948
1244232948
1245232948
1246232948
1247232948
1248232948
1249232948
1250232948
1251232948
1252232948
1253232948
1254232948
1255232948
1256232948
1257232948
1258232948
1259232948
1260232948
1261232948
1262232948
1263232948
1264232948
1265232948
1266232948
1267232948
1268232948
1269232948
1270232948
1271232948
1272232948
1273232948
1274232948
1275232948
1276232948
1277232948
1278232948
1279232948
1280232948
1281232948
1282232948
1283232948
1284232948
1285232948
1286232948
1287232948
1288232948
1289232948
1290232948
1291232948
1292232948
1293232948
1294232948
1295232948
1296232948
1297232948
1298232948
1299232948
1300232948
1301232948
1302232948
1303232948
1304232948
1305232948
1306232948
1307232948
1308232948
1309232948
1310232948
1311232948
1312232948
1313232948
1314232948
1315232948
1316232948
1317232948
1318232948
1319232948
1320232948
1321232948
1322232948
1323232948
1324232948
1325232948
1326232948
1327232948
1328232948
1329232948
1330232948
1331232948
1332232948
1333232948
1334232948
1335232948
1336232948
1337232948
1338232948
1339232948
1340232948
1341232948
1342232948
1343232948
1344232948
1345232948
1346232948
1347232948
1348232948
1349232948
1350232948
1351232948
1352232948
1353232948
1354232948
1355232948
1356232948
1357232948
1358232948
1359232948
1360232948
1361232948
1362232948
1363232948
1364232948
1365232948
1366232948
1367232948
1368232948
1369232948
1370232948
1371232948
1372232948
1373232948
1374232948
1375232948
1376232948
1377232948
1378232948
1379232948
1380232948
1381232948
1382232948
1383232948
1384232948
1385232948
1386232948
1387232948
1388232948
1389232948
1390232948
1391232948
1392232948
1393232948
1394232948
1395232948
1396232948
1397232948
1398232948
1399232948
1400232948
1401232948
1402232948
1403232948
1404232948
1405232948
1406232948
1407232948
1408232948
1409232948
1410232948
1411232948
1412232948
1413232948
1414232948
1415232948
1416232948
1417232948
1418232948
1419232948
1420232948
1421232948
1422232948
1423232948
1424232948
1425232948
1426232948
1427232948
1428232948
1429232948
1430232948
1431232948
1432232948
1433232948
1434232948
1435232948
1436232948
1437232948
1438232948
1439232948
1440232948
1441232948
1442232948
1443232948
1444232948
1445232948
1446232948
1447232948
1448232948
1449232948
1450232948
1451232948
1452232948
1453232948
1454232948
1455232948
1456232948
1457232948
1458232948
1459232948
1460232948
1461232948
1462232948
1463232948
1464232948
1465232948
1466232948
1467232948
1468232948
1469232948
1470232948
1471232948
1472232948
1473232948
1474232948
1475232948
1476232948
1477232948
1478232948
1479232948
1480232948
1481232948
1482232948
1483232948
1484232948
1485232948
1486232948
1487232948
1488232948
1489232948
1490232948
1491232948
1492232948
1493232948
1494232948
1495232948
1496232948
1497232948
1498232948
1499232948
1500232948
1501232948
1502232948
1503232948
1504232948
1505232948
1506232948
1507232948
1508232948
1509232948
1510232948
1511232948
1512232948
1513232948
1514232948
1515232948
1516232948
1517232948
1518232948
1519232948
1520232948
1521232948
1522232948
1523232948
1524232948
1525232948
1526232948
1527232948
1528232948
1529232948
1530232948
1531232948
1532232948
1533232948
1534232948
1535232948
1536232948
1537232948
1538232948
1539232948
1540232948
1541232948
1542232948
1543232948
1544232948
1545232948
1546232948
1547232948
1548232948
1549232948
1550232948
1551232948
1552232948
1553232948
1554232948
1555232948
1556232948
1557232948
1558232948
1559232948
1560232948
1561232948
1562232948
1563232948
1564232948
1565232948
1566232948
1567232948
1568232948
1569232948
1570232948
1571232948
1572232948
1573232948
1574232948
1575232948
1576232948
1577232948
1578232948
1579232948
1580232948
1581232948
1582232948
1583232948
1584232948
1585232948
1586232948
1587232948
1588232948
1589232948
1590232948
1591232948
1592232948
1593232948
1594232948
1595232948
1596232948
1597232948
1598232948
1599232948
1600232948
1601232948
1602232948
1603232948
1604232948
1605232948
1606232948
1607232948
1608232948
1609232948
1610232948
1611232948
1612232948
1613232948
1614232948
1615232948
1616232948
1617232948
1618232948
1619232948
1620232948
1621232948
1622232948
1623232948
1624232948
1625232948
1626232948
1627232948
1628232948
1629232948
1630232948
1631232948
1632232948
1633232948
1634232948
1635232948
1636232948
1637232948
1638232948
1639232948
1640232948
1641232948
1642232948
1643232948
1644232948
1645232948
1646232948
1647232948
1648232948
1649232948
1650232948
1651232948
1652232948
1653232948
1654232948
1655232948
1656232948
1657232948
1658232948
1659232948
1660232948
1661232948
1662232948
1663232948
1664232948
1665232948
1666232948
1667232948
1668232948
1669232948
1670232948
1671232948
1672232948
1673232948
1674232948
1675232948
1676232948
1677232948
1678232948
1679232948
1680232948
1681232948
1682232948
1683232948
1684232948
1685232948
1686232948
1687232948
1688232948
1689232948
1690232948
1691232948
1692232948
1693232948
1694232948
1695232948
1696232948
1697232948
1698232948
1699232948
1700232948
1701232948
1702232948
1703232948
1704232948
1705232948
1706232948
1707232948
1708232948
1709232948
1710232948
1711232948
1712232948
1713232948
1714232948
1715232948
1716232948
1717232948
1718232948
1719232948
1720232948
1721232948
1722232948
1723232948
1724232948
1725232948
1726232948
1727232948
1728232948
1729232948
1730232948
1731232948
1732232948
1733232948
1734232948
1735232948
1736232948
1737232948
1738232948
1739232948
1740232948
1741232948
1742232948
1743232948
1744232948
1745232948
1746232948
1747232948
1748232948
1749232948
1750232948
1751232948
1752232948
1753232948
1754232948
1755232948
1756232948
1757232948
1758232948
1759232948
1760232948
1761232948
1762232948
1763232948
1764232948
1765232948
1766232948
1767232948
1768232948
1769232948
1770232948
1771232948
1772232948
1773232948
1774232948
1775232948
1776232948
1777232948
1778232948
1779232948
1780232948
1781232948
1782232948
1783232948
1784232948
1785232948
1786232948
1787232948
1788232948
1789232948
1790232948
1791232948
1792232948
1793232948
1794232948
1795232948
1796232948
1797232948
1798232948
1799232948
1800232948
1801232948
1802232948
1803232948
1804232948
1805232948
1806232948
1807232948
1808232948
1809232948
1810232948
1811232948
1812232948
1813232948
1814232948
1815232948
1816232948
1817232948
1818232948
1819232948
1820232948
1821232948
1822232948
1823232948
1824232948
1825232948
1826232948
1827232948
1828232948
1829232948
1830232948
1831232948
1832232948
1833232948
1834232948
1835232948
1836232948
1837232948
1838232948
1839232948
1840232948
1841232948
1842232948
1843232948
1844232948
1845232948
1846232948
1847232948
1848232948
1849232948
1850232948
1851232948
1852232948
1853232948
1854232948
1855232948
1856232948
1857232948
1858232948
1859232948
1860232948
1861232948
1862232948
1863232948
1864232948
1865232948
1866232948
1867232948
1868232948
1869232948
1870232948
1871232948
1872232948
1873232948
1874232948
1875232948
1876232948
1877232948
1878232948
1879232948
1880232948
1881232948
1882232948
1883232948
1884232948
1885232948
1886232948
1887232948
1888232948
1889232948
1890232948
1891232948
1892232948
1893232948
1894232948
1895232948
1896232948
1897232948
1898232948
1899232948
1900232948
1901232948
1902232948
1903232948
1904232948
1905232948
1906232948
1907232948
1908232948
1909232948
1910232948
1911232948
1912232948
1913232948
1914232948
1915232948
1916232948
1917232948
1918232948
1919232948
1920232948
1921232948
1922232948
1923232948
1924232948
1925232948
1926232948
1927232948
1928232948
1929232948
1930232948
1931232948
1932232948
1933232948
1934232948
1935232948
1936232948
1937232948
1938232948
1939232948
1940232948
1941232948
1942232948
1943232948
1944232948
1945232948
1946232948
1947232948
1948232948
1949232948
1950232948
1951232948
1952232948
1953232948
1954232948
1955232948
1956232948
1957232948
1958232948
1959232948
1960232948
1961232948
1962232948
1963232948
1964232948
1965232948
1966232948
1967232948
1968232948
1969232948
1970232948
1971232948
1972232948
1973232948
1974232948
1975232948
1976232948
1977232948
1978232948
1979232948
1980232948
1981232948
1982232948
1983232948
1984232948
1985232948
1986232948
1987232948
1988232948
1989232948
1990232948
1991232948
1992232948
1993232948
1994232948
1995232948
1996232948
1997232948
1998232948
1999232948
2000232948
2001232948
2002232948
2003232948
2004232948
2005232948
2006232948
2007232948
2008232948
2009232948
2010232948
2011232948
2012232948
2013232948
2014232948
2015232948
2016232948
2017232948
2018232948
2019232948
2020232948
2021232948
2022232948
2023232948
2024232948
2025232948
2026232948
2027232948
2028232948
2029232948
2030232948
2031232948
2032232948
2033232948
2034232948
2035232948
2036232948
2037232948
2038232948
2039232948
2040232948
2041232948
2042232948
2043232948
2044232948
2045232948
2046232948
2047232948
2048232948
2049232948
2050232948
2051232948
2052232948
2053232948
2054232948
2055232948
2056232948
2057232948
2058232948
2059232948
2060232948
2061232948
2062232948
2063232948
2064232948
2065232948
2066232948
2067232948
2068232948
2069232948
2070232948
2071232948
2072232948
2073232948
2074232948
2075232948
2076232948
2077232948
2078232948
2079232948
2080232948
2081232948
2082232948
2083232948
2084232948
2085232948
2086232948
2087232948
2088232948
2089232948
2090232948
2091232948
2092232948
2093232948
2094232948
2095232948
2096232948
2097232948
2098232948
2099232948
2100232948
2101232948
2102232948
2103232948
2104232948
2105232948
2106232948
2107232948
2108232948
2109232948
2110232948
2111232948
2112232948
2113232948
2114232948
2115232948
2116232948
2117232948
2118232948
2119232948
2120232948
2121232948
2122232948
2123232948
2124232948
2125232948
2126232948
2127232948
2128232948
2129232948
2130232948
2131232948
2132232948
2133232948
2134232948
2135232948
2136232948
2137232948
2138232948
2139232948
2140232948
2141232948
2142232948
2143232948
2144232948
2145232948
2146232948
2147232948
2148232948
2149232948
2150232948
2151232948
2152232948
2153232948
2154232948
2155232948
2156232948
2157232948
2158232948
2159232948
2160232948
2161232948
2162232948
2163232948
2164232948
2165232948
2166232948
2167232948
2168232948
2169232948
2170232948
2171232948
2172232948
2173232948
2174232948
2175232948
2176232948
2177232948
2178232948
2179232948
2180232948
2181232948
2182232948
2183232948
2184232948
2185232948
2186232948
2187232948
2188232948
2189232948
2190232948
2191232948
2192232948
2193232948
2194232948
2195232948
2196232948
2197232948
2198232948
2199232948
2200232948
2201232948
2202232948
2203232948
2204232948
2205232948
2206232948
2207232948
2208232948
2209232948
2210232948
2211232948
2212232948
2213232948
2214232948
2215232948
2216232948
2217232948
2218232948
2219232948
2220232948
2221232948
2222232948
2223232948
2224232948
2225232948
2226232948
2227232948
2228232948
2229232948
2230232948
2231232948
2232232948
2233232948
2234232948
2235232948
2236232948
2237232948
2238232948
2239232948
2240232948
2241232948
2242232948
2243232948
2244232948
2245232948
2246232948
2247232948
2248232948
2249232948
2250232948
2251232948
2252232948
2253232948
2254232948
2255232948
2256232948
2257232948
2258232948
2259232948
2260232948
2261232948
2262232948
2263232948
2264232948
2265232948
2266232948
2267232948
2268232948
2269232948
2270232948
2271232948
2272232948
2273232948
2274232948
2275232948
2276232948
2277232948
2278232948
2279232948
2280232948
2281232948
2282232948
2283232948
2284232948
2285232948
2286232948
2287232948
2288232948
2289232948
2290232948
2291232948
2292232948
2293232948
2294232948
2295232948
2296232948
2297232948
2298232948
2299232948
2300232948
2301232948
2302232948
2303232948
2304232948
2305232948
2306232948
2307232948
2308232948
2309232948
2310232948
2311232948
2312232948
2313232948
2314232948
2315232948
2316232948
2317232948
2318232948
2319232948
2320232948
2321232948
2322232948
2323232948
2324232948
2325232948
2326232948
2327232948
2328232948
2329232948
2330232948
2331232948
2332232948
2333232948
2334232948
2335232948
2336232948
2337232948
2338232948
2339232948
2340232948
2341232948
2342232948
2343232948
2344232948
2345232948
2346232948
2347232948
2348232948
2349232948
2350232948
2351232948
2352232948
2353232948
2354232948
2355232948
2356232948
2357232948
2358232948
2359232948
2360232948
2361232948
2362232948
2363232948
2364232948
2365232948
2366232948
2367232948
2368232948
2369232948
2370232948
2371232948
2372232948
2373232948
2374232948
2375232948
2376232948
2377232948
2378232948
2379232948
2380232948
2381232948
2382232948
2383232948
2384232948
2385232948
2386232948
2387232948
2388232948
2389232948
2390232948
2391232948
2392232948
2393232948
2394232948
2395232948
2396232948
2397232948
2398232948
2399232948
2400232948
2401232948
2402232948
2403232948
2404232948
2405232948
2406232948
2407232948
2408232948
2409232948
2410232948
2411232948
2412232948
2413232948
2414232948
2415232948
2416232948
2417232948
2418232948
2419232948
2420232948
2421232948
2422232948
2423232948
2424232948
2425232948
2426232948
2427232948
2428232948
2429232948
2430232948
2431232948
2432232948
2433232948
2434232948
2435232948
2436232948
2437232948
2438232948
2439232948
2440232948
2441232948
2442232948
2443232948
2444232948
2445232948
2446232948
2447232948
2448232948
2449232948
2450232948
2451232948
2452232948
2453232948
2454232948
2455232948
2456232948
2457232948
2458232948
2459232948
2460232948
2461232948
2462232948
2463232948
2464232948
2465232948
2466232948
2467232948
2468232948
2469232948
2470232948
2471232948
2472232948
2473232948
2474232948
2475232948
2476232948
2477232948
2478232948
2479232948
2480232948
2481232948
2482232948
2483232948
2484232948
2485232948
2486232948
2487232948
2488232948
2489232948
2490232948
2491232948
2492232948
2493232948
2494232948
2495232948
2496232948
2497232948
2498232948
2499232948
2500232948
2501232948
2502232948
2503232948
2504232948
2505232948
2506232948
2507232948
2508232948
2509232948
2510232948
2511232948
2512232948
2513232948
2514232948
2515232948
2516232948
2517232948
2518232948
2519232948
2520232948
2521232948
2522232948
2523232948
2524232948
2525232948
2526232948
2527232948
2528232948
2529232948
2530232948
2531232948
2532232948
2533232948
2534232948
2535232948
2536232948
2537232948
2538232948
2539232948
2540232948
2541232948
2542232948
2543232948
2544232948
2545232948
2546232948
2547232948
2548232948
2549232948
2550232948
2551232948
2552232948
2553232948
2554232948
2555232948
2556232948
2557232948
2558232948
2559232948
2560232948
2561232948
2562232948
2563232948
2564232948
2565232948
2566232948
2567232948
2568232948
2569232948
2570232948
2571232948
2572232948
2573232948
2574232948
2575232948
2576232948
2577232948
2578232948
2579232948
2580232948
2581232948
2582232948
2583232948
2584232948
2585232948
2586232948
2587232948
2588232948
2589232948
2590232948
2591232948
2592232948
2593232948
2594232948
2595232948
2596232948
2597232948
2598232948
2599232948
2600232948
2601232948
2602232948
2603232948
2604232948
2605232948
2606232948
2607232948
2608232948
2609232948
2610232948
2611232948
2612232948
2613232948
2614232948
2615232948
2616232948
2617232948
2618232948
2619232948
2620232948
2621232948
2622232948
2623232948
2624232948
2625232948
2626232948
2627232948
2628232948
2629232948
2630232948
2631232948
2632232948
2633232948
2634232948
2635232948
2636232948
2637232948
2638232948
2639232948
2640232948
2641232948
2642232948
2643232948
2644232948
2645232948
2646232948
2647232948
2648232948
2649232948
2650232948
2651232948
2652232948
2653232948
2654232948
2655232948
2656232948
2657232948
2658232948
2659232948
2660232948
2661232948
2662232948
2663232948
2664232948
2665232948
2666232948
2667232948
2668232948
2669232948
2670232948
2671232948
2672232948
2673232948
2674232948
2675232948
2676232948
2677232948
2678232948
2679232948
2680232948
2681232948
2682232948
2683232948
2684232948
2685232948
2686232948
2687232948
2688232948
2689232948
2690232948
2691232948
2692232948
2693232948
2694232948
2695232948
2696232948
2697232948
2698232948
2699232948
2700232948
2701232948
2702232948
2703232948
2704232948
2705232948
2706232948
2707232948
2708232948
2709232948
2710232948
2711232948
2712232948
2713232948
2714232948
2715232948
2716232948
2717232948
2718232948
2719232948
2720232948
2721232948
2722232948
2723232948
2724232948
2725232948
2726232948
2727232948
2728232948
2729232948
2730232948
2731232948
2732232948
2733232948
2734232948
2735232948
2736232948
2737232948
2738232948
2739232948
2740232948
2741232948
2742232948
2743232948
2744232948
2745232948
2746232948
2747232948
2748232948
2749232948
2750232948
2751232948
2752232948
2753232948
2754232948
2755232948
2756232948
2757232948
2758232948
2759232948
2760232948
2761232948
2762232948
2763232948
2764232948
2765232948
2766232948
2767232948
2768232948
2769232948
2770232948
2771232948
2772232948
2773232948
2774232948
2775232948
2776232948
2777232948
2778232948
2779232948
2780232948
2781232948
2782232948
2783232948
2784232948
2785232948
2786232948
2787232948
2788232948
2789232948
2790232948
2791232948
2792232948
2793232948
2794232948
2795232948
2796232948
2797232948
2798232948
2799232948
2800232948
2801232948
2802232948
2803232948
2804232948
2805232948
2806232948
2807232948
2808232948
2809232948
2810232948
2811232948
2812232948
2813232948
2814232948
2815232948
2816232948
2817232948
2818232948
2819232948
2820232948
2821232948
2822232948
2823232948
2824232948
2825232948
2826232948
2827232948
2828232948
2829232948
2830232948
2831232948
2832232948
2833232948
2834232948
2835232948
2836232948
2837232948
2838232948
2839232948
2840232948
2841232948
2842232948
2843232948
2844232948
2845232948
2846232948
2847232948
2848232948
2849232948
2850232948
2851232948
2852232948
2853232948
2854232948
2855232948
2856232948
2857232948
2858232948
2859232948
2860232948
2861232948
2862232948
2863232948
2864232948
2865232948
2866232948
2867232948
2868232948
2869232948
2870232948
2871232948
2872232948
2873232948
2874232948
2875232948
2876232948
2877232948
2878232948
2879232948
2880232948
2881232948
2882232948
2883232948
2884232948
2885232948
2886232948
2887232948
2888232948
2889232948
2890232948
2891232948
2892232948
2893232948
2894232948
2895232948
2896232948
2897232948
2898232948
2899232948
2900232948
2901232948
2902232948
2903232948
2904232948
2905232948
2906232948
2907232948
2908232948
2909232948
2910232948
2911232948
2912232948
2913232948
2914232948
2915232948
2916232948
2917232948
2918232948
2919232948
2920232948
2921232948
2922232948
2923232948
2924232948
2925232948
2926232948
2927232948
2928232948
2929232948
2930232948
2931232948
2932232948
2933232948
2934232948
2935232948
2936232948
2937232948
2938232948
2939232948
2940232948
2941232948
2942232948
2943232948
2944232948
2945232948
2946232948
2947232948
2948232948
2949232948
2950232948
2951232948
2952232948
2953232948
2954232948
2955232948
2956232948
2957232948
2958232948
2959232948
2960232948
2961232948
2962232948
2963232948
2964232948
2965232948
2966232948
2967232948
2968232948
2969232948
2970232948
2971232948
2972232948
2973232948
2974232948
2975232948
2976232948
2977232948
2978232948
2979232948
2980232948
2981232948
2982232948
2983232948
2984232948
2985232948
2986232948
2987232948
2988232948
2989232948
2990232948
2991232948
2992232948
2993232948
2994232948
2995232948
2996232948
2997232948
2998232948
2999232948
3000232948
3001232948
3002232948
3003232948
3004232948
3005232948
3006232948
3007232948
3008232948
3009232948
3010232948
3011232948
3012232948
3013232948
3014232948
3015232948
3016232948
3017232948
3018232948
3019232948
3020232948
3021232948
3022232948
3023232948
3024232948
3025232948
3026232948
3027232948
3028232948
3029232948
3030232948
3031232948
3032232948
3033232948
3034232948
3035232948
3036232948
3037232948
3038232948
3039232948
3040232948
3041232948
3042232948
3043232948
3044232948
3045232948
3046232948
3047232948
3048232948
3049232948
3050232948
3051232948
3052232948
3053232948
3054232948
3055232948
3056232948
3057232948
3058232948
3059232948
3060232948
3061232948
3062232948
3063232948
3064232948
3065232948
3066232948
3067232948
3068232948
3069232948
3070232948
3071232948
3072232948
3073232948
3074232948
3075232948
3076232948
3077232948
3078232948
3079232948
3080232948
3081232948
3082232948
3083232948
3084232948
3085232948
3086232948
3087232948
3088232948
3089232948
3090232948
3091232948
3092232948
3093232948
3094232948
3095232948
3096232948
3097232948
3098232948
3099232948
3100232948
3101232948
3102232948
3103232948
3104232948
3105232948
3106232948
3107232948
3108232948
3109232948
3110232948
3111232948
3112232948
3113232948
3114232948
3115232948
3116232948
3117232948
3118232948
3119232948
3120232948
3121232948
3122232948
3123232948
3124232948
3125232948
3126232948
3127232948
3128232948
3129232948
3130232948
3131232948
3132232948
3133232948
3134232948
3135232948
3136232948
3137232948
3138232948
3139232948
3140232948
3141232948
3142232948
3143232948
3144232948
3145232948
3146232948
3147232948
3148232948
3149232948
3150232948
3151232948
3152232948
3153232948
3154232948
3155232948
3156232948
3157232948
3158232948
3159232948
3160232948
3161232948
3162232948
3163232948
3164232948
3165232948
3166232948
3167232948
3168232948
3169232948
3170232948
3171232948
3172232948
3173232948
3174232948
3175232948
3176232948
3177232948
3178232948
3179232948
3180232948
3181232948
3182232948
3183232948
3184232948
3185232948
3186232948
3187232948
3188232948
3189232948
3190232948
3191232948
3192232948
3193232948
3194232948
3195232948
3196232948
3197232948
3198232948
3199232948
3200232948
3201232948
3202232948
3203232948
3204232948
3205232948
3206232948
3207232948
3208232948
3209232948
3210232948
3211232948
3212232948
3213232948
3214232948
3215232948
3216232948
3217232948
3218232948
3219232948
3220232948
3221232948
3222232948
3223232948
3224232948
3225232948
3226232948
3227232948
3228232948
3229232948
3230232948
3231232948
3232232948
3233232948
3234232948
3235232948
3236232948
3237232948
3238232948
3239232948
3240232948
3241232948
3242232948
3243232948
3244232948
3245232948
3246232948
3247232948
3248232948
3249232948
3250232948
3251232948
3252232948
3253232948
3254232948
3255232948
3256232948
3257232948
3258232948
3259232948
3260232948
3261232948
3262232948
3263232948
3264232948
3265232948
3266232948
3267232948
3268232948
3269232948
3270232948
3271232948
3272232948
3273232948
3274232948
3275232948
3276232948
3277232948
3278232948
3279232948
3280232948
3281232948
3282232948
3283232948
3284232948
3285232948
3286232948
3287232948
3288232948
3289232948
3290232948
3291232948
3292232948
3293232948
3294232948
3295232948
3296232948
3297232948
3298232948
3299232948
3300232948
3301232948
3302232948
3303232948
3304232948
3305232948
3306232948
3307232948
3308232948
3309232948
3310232948
3311232948
3312232948
3313232948
3314232948
3315232948
3316232948
3317232948
3318232948
3319232948
3320232948
3321232948
3322232948
3323232948
3324232948
3325232948
3326232948
3327232948
3328232948
3329232948
3330232948
3331232948
3332232948
3333232948
3334232948
3335232948
3336232948
3337232948
3338232948
3339232948
3340232948
3341232948
3342232948
3343232948
3344232948
3345232948
3346232948
3347232948
3348232948
3349232948
3350232948
3351232948
3352232948
3353232948
3354232948
3355232948
3356232948
3357232948
3358232948
3359232948
3360232948
3361232948
3362232948
3363232948
3364232948
3365232948
3366232948
3367232948
3368232948
3369232948
3370232948
3371232948
3372232948
3373232948
3374232948
3375232948
3376232948
3377232948
3378232948
3379232948
3380232948
3381232948
3382232948
3383232948
3384232948
3385232948
3386232948
3387232948
3388232948
3389232948
3390232948
3391232948
3392232948
3393232948
3394232948
3395232948
3396232948
3397232948
3398232948
3399232948
3400232948
3401232948
3402232948
3403232948
3404232948
3405232948
3406232948
3407232948
3408232948
3409232948
3410232948
3411232948
3412232948
3413232948
3414232948
3415232948
3416232948
3417232948
3418232948
3419232948
3420232948
3421232948
3422232948
3423232948
3424232948
3425232948
3426232948
3427232948
3428232948
3429232948
3430232948
3431232948
3432232948
3433232948
3434232948
3435232948
3436232948
3437232948
3438232948
3439232948
3440232948
3441232948
3442232948
3443232948
3444232948
3445232948
3446232948
3447232948
3448232948
3449232948
3450232948
3451232948
3452232948
3453232948
3454232948
3455232948
3456232948
3457232948
3458232948
3459232948
3460232948
3461232948
3462232948
3463232948
3464232948
3465232948
3466232948
3467232948
3468232948
3469232948
3470232948
3471232948
3472232948
3473232948
3474232948
3475232948
3476232948
3477232948
3478232948
3479232948
3480232948
3481232948
3482232948
3483232948
3484232948
3485232948
3486232948
3487232948
3488232948
3489232948
3490232948
3491232948
3492232948
3493232948
3494232948
3495232948
3496232948
3497232948
3498232948
3499232948
3500232948
3501232948
3502232948
3503232948
3504232948
3505232948
3506232948
3507232948
3508232948
3509232948
3510232948
3511232948
3512232948
3513232948
3514232948
3515232948
3516232948
3517232948
3518232948
3519232948
3520232948
3521232948
3522232948
3523232948
3524232948
3525232948
3526232948
3527232948
3528232948
3529232948
3530232948
3531232948
3532232948
3533232948
3534232948
3535232948
3536232948
3537232948
3538232948
3539232948
3540232948
3541232948
3542232948
3543232948
3544232948
3545232948
3546232948
3547232948
3548232948
3549232948
3550232948
3551232948
3552232948
3553232948
3554232948
3555232948
3556232948
3557232948
3558232948
3559232948
3560232948
3561232948
3562232948
3563232948
3564232948
3565232948
3566232948
3567232948
3568232948
3569232948
3570232948
3571232948
3572232948
3573232948
3574232948
3575232948
3576232948
3577232948
3578232948
3579232948
3580232948
3581232948
3582232948
3583232948
3584232948
3585232948
3586232948
3587232948
3588232948
3589232948
3590232948
3591232948
3592232948
3593232948
3594232948
3595232948
3596232948
3597232948
3598232948
3599232948
3600232948
3601232948
3602232948
3603232948
3604232948
3605232948
3606232948
3607232948
3608232948
3609232948
3610232948
3611232948
3612232948
3613232948
3614232948
3615232948
3616232948
3617232948
3618232948
3619232948
3620232948
3621232948
3622232948
3623232948
3624232948
3625232948
3626232948
3627232948
3628232948
3629232948
3630232948
3631232948
3632232948
3633232948
3634232948
3635232948
3636232948
3637232948
3638232948
3639232948
3640232948
3641232948
3642232948
3643232948
3644232948
3645232948
3646232948
3647232948
3648232948
3649232948
3650232948
3651232948
3652232948
3653232948
3654232948
3655232948
3656232948
3657232948
3658232948
3659232948
3660232948
3661232948
3662232948
3663232948
3664232948
3665232948
3666232948
3667232948
3668232948
3669232948
3670232948
3671232948
3672232948
3673232948
3674232948
3675232948
3676232948
3677232948
3678232948
3679232948
3680232948
3681232948
3682232948
3683232948
3684232948
3685232948
3686232948
3687232948
3688232948
3689232948
3690232948
3691232948
3692232948
3693232948
3694232948
3695232948
3696232948
3697232948
3698232948
3699232948
3700232948
3701232948
3702232948
3703232948
3704232948
3705232948
3706232948
3707232948
3708232948
3709232948
3710232948
3711232948
3712232948
3713232948
3714232948
3715232948
3716232948
3717232948
3718232948
3719232948
3720232948
3721232948
3722232948
3723232948
3724232948
3725232948
3726232948
3727232948
3728232948
3729232948
3730232948
3731232948
3732232948
3733232948
3734232948
3735232948
3736232948
3737232948
3738232948
3739232948
3740232948
3741232948
3742232948
3743232948
3744232948
3745232948
3746232948
3747232948
3748232948
3749232948
3750232948
3751232948
3752232948
3753232948
3754232948
3755232948
3756232948
3757232948
3758232948
3759232948
3760232948
3761232948
3762232948
3763232948
3764232948
3765232948
3766232948
3767232948
3768232948
3769232948
3770232948
3771232948
3772232948
3773232948
3774232948
3775232948
3776232948
3777232948
3778232948
3779232948
3780232948
3781232948
3782232948
3783232948
3784232948
3785232948
3786232948
3787232948
3788232948
3789232948
3790232948
3791232948
3792232948
3793232948
3794232948
3795232948
3796232948
3797232948
3798232948
3799232948
3800232948
3801232948
3802232948
3803232948
3804232948
3805232948
3806232948
3807232948
3808232948
3809232948
3810232948
3811232948
3812232948
3813232948
3814232948
3815232948
3816232948
3817232948
3818232948
3819232948
3820232948
3821232948
3822232948
3823232948
3824232948
3825232948
3826232948
3827232948
3828232948
3829232948
3830232948
3831232948
3832232948
3833232948
3834232948
3835232948
3836232948
3837232948
3838232948
3839232948
3840232948
3841232948
3842232948
3843232948
3844232948
3845232948
3846232948
3847232948
3848232948
3849232948
3850232948
3851232948
3852232948
3853232948
3854232948
3855232948
3856232948
3857232948
3858232948
3859232948
3860232948
3861232948
3862232948
3863232948
3864232948
3865232948
3866232948
3867232948
3868232948
3869232948
3870232948
3871232948
3872232948
3873232948
3874232948
3875232948
3876232948
3877232948
3878232948
3879232948
3880232948
3881232948
3882232948
3883232948
3884232948
3885232948
3886232948
3887232948
3888232948
3889232948
3890232948
3891232948
3892232948
3893232948
3894232948
3895232948
3896232948
3897232948
3898232948
3899232948
3900232948
3901232948
3902232948
3903232948
3904232948
3905232948
3906232948
3907232948
3908232948
3909232948
3910232948
3911232948
3912232948
3913232948
3914232948
3915232948
3916232948
3917232948
3918232948
3919232948
3920232948
3921232948
3922232948
3923232948
3924232948
3925232948
3926232948
3927232948
3928232948
3929232948
3930232948
3931232948
3932232948
3933232948
3934232948
3935232948
3936232948
3937232948
3938232948
3939232948
3940232948
3941232948
3942232948
3943232948
3944232948
3945232948
3946232948
3947232948
3948232948
3949232948
3950232948
3951232948
3952232948
3953232948
3954232948
3955232948
3956232948
3957232948
3958232948
3959232948
3960232948
3961232948
3962232948
3963232948
3964232948
3965232948
3966232948
3967232948
3968232948
3969232948
3970232948
3971232948
3972232948
3973232948
3974232948
3975232948
3976232948
3977232948
3978232948
3979232948
3980232948
3981232948
3982232948
3983232948
3984232948
3985232948
3986232948
3987232948
3988232948
3989232948
3990232948
3991232948
3992232948
3993232948
3994232948
3995232948
3996232948
3997232948
3998232948
3999232948
4000232948
4001232948
4002232948
4003232948
4004232948
4005232948
4006232948
4007232948
4008232948
4009232948
4010232948
4011232948
4012232948
4013232948
4014232948
4015232948
4016232948
4017232948
4018232948
4019232948
4020232948
4021232948
4022232948
4023232948
4024232948
4025232948
4026232948
4027232948
4028232948
4029232948
4030232948
4031232948
4032232948
4033232948
4034232948
4035232948
4036232948
4037232948
4038232948
4039232948
4040232948
4041232948
4042232948
4043232948
4044232948
4045232948
4046232948
4047232948
4048232948
4049232948
4050232948
4051232948
4052232948
4053232948
4054232948
4055232948
4056232948
4057232948
4058232948
4059232948
4060232948
4061232948
4062232948
4063232948
4064232948
4065232948
4066232948
4067232948
4068232948
4069232948
4070232948
4071232948
4072232948
4073232948
4074232948
4075232948
4076232948
4077232948
4078232948
4079232948
4080232948
4081232948
4082232948
4083232948
4084232948
4085232948
4086232948
4087232948
4088232948
4089232948
4090232948
4091232948
4092232948
4093232948
4094232948
4095232948
4096232948
4097232948
4098232948
4099232948
4100232948
4101232948
4102232948
4103232948
4104232948
4105232948
4106232948
4107232948
4108232948
4109232948
4110232948
4111232948
4112232948
4113232948
4114232948
4115232948
4116232948
4117232948
4118232948
4119232948
4120232948
4121232948
4122232948
4123232948
4124232948
4125232948
4126232948
4127232948
4128232948
4129232948
4130232948
4131232948
4132232948
4133232948
4134232948
4135232948
4136232948
4137232948
4138232948
4139232948
4140232948
4141232948
4142232948
4143232948
4144232948
4145232948
4146232948
4147232948
4148232948
4149232948
4150232948
4151232948
4152232948
4153232948
4154232948
4155232948
4156232948
4157232948
4158232948
4159232948
4160232948
4161232948
4162232948
4163232948
4164232948
4165232948
4166232948
4167232948
4168232948
4169232948
4170232948
4171232948
4172232948
4173232948
4174232948
4175232948
4176232948
4177232948
4178232948
4179232948
4180232948
4181232948
4182232948
4183232948
4184232948
4185232948
4186232948
4187232948
4188232948
4189232948
4190232948
4191232948
4192232948
4193232948
4194232948
4195232948
4196232948
4197232948
4198232948
4199232948
4200232948
4201232948
4202232948
4203232948
4204232948
4205232948
4206232948
4207232948
4208232948
4209232948
4210232948
4211232948
4212232948
4213232948
4214232948
4215232948
4216232948
4217232948
4218232948
4219232948
4220232948
4221232948
4222232948
4223232948
4224232948
4225232948
4226232948
4227232948
4228232948
4229232948
4230232948
4231232948
4232232948
4233232948
4234232948
4235232948
4236232948
4237232948
4238232948
4239232948
4240232948
4241232948
4242232948
4243232948
4244232948
4245232948
4246232948
4247232948
4248232948
4249232948
4250232948
4251232948
4252232948
4253232948
4254232948
4255232948
4256232948
4257232948
4258232948
4259232948
4260232948
4261232948
4262232948
4263232948
4264232948
4265232948
4266232948
4267232948
4268232948
4269232948
4270232948
4271232948
4272232948
4273232948
4274232948
4275232948
4276232948
4277232948
4278232948
4279232948
4280232948
4281232948
4282232948
4283232948
4284232948
4285232948
4286232948
4287232948
4288232948
4289232948
4290232948
4291232948
4292232948
4293232948
4294232948
4295232948
4296232948
4297232948
4298232948
4299232948
4300232948
4301232948
4302232948
4303232948
4304232948
4305232948
4306232948
4307232948
4308232948
4309232948
4310232948
4311232948
4312232948
4313232948
4314232948
4315232948
4316232948
4317232948
4318232948
4319232948
4320232948
4321232948
4322232948
4323232948
4324232948
4325232948
4326232948
4327232948
4328232948
4329232948
4330232948
4331232948
4332232948
4333232948
4334232948
4335232948
4336232948
4337232948
4338232948
4339232948
4340232948
4341232948
4342232948
4343232948
4344232948
4345232948
4346232948
4347232948
4348232948
4349232948
4350232948
4351232948
4352232948
4353232948
4354232948
4355232948
4356232948
4357232948
4358232948
4359232948
4360232948
4361232948
4362232948
4363232948
4364232948
4365232948
4366232948
4367232948
4368232948
4369232948
4370232948
4371232948
4372232948
4373232948
4374232948
4375232948
4376232948
4377232948
4378232948
4379232948
4380232948
4381232948
4382232948
4383232948
4384232948
4385232948
4386232948
4387232948
4388232948
4389232948
4390232948
4391232948
4392232948
4393232948
4394232948
4395232948
4396232948
4397232948
4398232948
4399232948
4400232948
4401232948
4402232948
4403232948
4404232948
4405232948
4406232948
4407232948
4408232948
4409232948
4410232948
4411232948
4412232948
4413232948
4414232948
4415232948
4416232948
4417232948
4418232948
4419232948
4420232948
4421232948
4422232948
4423232948
4424232948
4425232948
4426232948
4427232948
4428232948
4429232948
4430232948
4431232948
4432232948
4433232948
4434232948
4435232948
4436232948
4437232948
4438232948
4439232948
4440232948
4441232948
4442232948
4443232948
4444232948
4445232948
4446232948
4447232948
4448232948
4449232948
4450232948
4451232948
4452232948
4453232948
4454232948
4455232948
4456232948
4457232948
4458232948
4459232948
4460232948
4461232948
4462232948
4463232948
4464232948
4465232948
4466232948
4467232948
4468232948
4469232948
4470232948
4471232948
4472232948
4473232948
4474232948
4475232948
4476232948
4477232948
4478232948
4479232948
4480232948
4481232948
4482232948
4483232948
4484232948
4485232948
4486232948
4487232948
4488232948
4489232948
4490232948
4491232948
4492232948
4493232948
4494232948
4495232948
4496232948
4497232948
4498232948
4499232948
4500232948
4501232948
4502232948
4503232948
4504232948
4505232948
4506232948
4507232948
4508232948
4509232948
4510232948
4511232948
4512232948
4513232948
4514232948
4515232948
4516232948
4517232948
4518232948
4519232948
4520232948
4521232948
4522232948
4523232948
4524232948
4525232948
4526232948
4527232948
4528232948
4529232948
4530232948
4531232948
4532232948
4533232948
4534232948
4535232948
4536232948
4537232948
4538232948
4539232948
4540232948
4541232948
4542232948
4543232948
4544232948
4545232948
4546232948
4547232948
4548232948
4549232948
4550232948
4551232948
4552232948
4553232948
4554232948
4555232948
4556232948
4557232948
4558232948
4559232948
4560232948
4561232948
4562232948
4563232948
4564232948
4565232948
4566232948
4567232948
4568232948
4569232948
4570232948
4571232948
4572232948
4573232948
4574232948
4575232948
4576232948
4577232948
4578232948
4579232948
4580232948
4581232948
4582232948
4583232948
4584232948
4585232948
4586232948
4587232948
4588232948
4589232948
4590232948
4591232948
4592232948
4593232948
4594232948
4595232948
4596232948
4597232948
4598232948
4599232948
4600232948
4601232948
4602232948
4603232948
4604232948
4605232948
4606232948
4607232948
4608232948
4609232948
4610232948
4611232948
4612232948
4613232948
4614232948
4615232948
4616232948
4617232948
4618232948
4619232948
4620232948
4621232948
4622232948
4623232948
4624232948
4625232948
4626232948
4627232948
4628232948
4629232948
4630232948
4631232948
4632232948
4633232948
4634232948
4635232948
4636232948
4637232948
4638232948
4639232948
4640232948
4641232948
4642232948
4643232948
4644232948
4645232948
4646232948
4647232948
4648232948
4649232948
4650232948
4651232948
4652232948
4653232948
4654232948
4655232948
4656232948
4657232948
4658232948
4659232948
4660232948
4661232948
4662232948
4663232948
4664232948
4665232948
4666232948
4667232948
4668232948
4669232948
4670232948
4671232948
4672232948
4673232948
4674232948
4675232948
4676232948
4677232948
4678232948
4679232948
4680232948
4681232948
4682232948
4683232948
4684232948
4685232948
4686232948
4687232948
4688232948
4689232948
4690232948
4691232948
4692232948
4693232948
4694232948
4695232948
4696232948
4697232948
4698232948
4699232948
4700232948
4701232948
4702232948
4703232948
4704232948
4705232948
4706232948
4707232948
4708232948
4709232948
4710232948
4711232948
4712232948
4713232948
4714232948
4715232948
4716232948
4717232948
4718232948
4719232948
4720232948
4721232948
4722232948
4723232948
4724232948
4725232948
4726232948
4727232948
4728232948
4729232948
4730232948
4731232948
4732232948
4733232948
4734232948
4735232948
4736232948
4737232948
4738232948
4739232948
4740232948
4741232948
4742232948
4743232948
4744232948
4745232948
4746232948
4747232948
4748232948
4749232948
4750232948
4751232948
4752232948
4753232948
4754232948
4755232948
4756232948
4757232948
4758232948
4759232948
4760232948
4761232948
4762232948
4763232948
4764232948
4765232948
4766232948
4767232948
4768232948
4769232948
4770232948
4771232948
4772232948
4773232948
4774232948
4775232948
4776232948
4777232948
4778232948
4779232948
4780232948
4781232948
4782232948
4783232948
4784232948
4785232948
4786232948
4787232948
4788232948
4789232948
4790232948
4791232948
4792232948
4793232948
4794232948
4795232948
4796232948
4797232948
4798232948
4799232948
4800232948
4801232948
4802232948
4803232948
4804232948
4805232948
4806232948
4807232948
4808232948
4809232948
4810232948
4811232948
4812232948
4813232948
4814232948
4815232948
4816232948
4817232948
4818232948
4819232948
4820232948
4821232948
4822232948
4823232948
4824232948
4825232948
4826232948
4827232948
4828232948
4829232948
4830232948
4831232948
4832232948
4833232948
4834232948
4835232948
4836232948
4837232948
4838232948
4839232948
4840232948
4841232948
4842232948
4843232948
4844232948
4845232948
4846232948
4847232948
4848232948
4849232948
4850232948
4851232948
4852232948
4853232948
4854232948
4855232948
4856232948
4857232948
4858232948
4859232948
4860232948
4861232948
4862232948
4863232948
4864232948
4865232948
4866232948
4867232948
4868232948
4869232948
4870232948
4871232948
4872232948
4873232948
4874232948
4875232948
4876232948
4877232948
4878232948
4879232948
4880232948
4881232948
4882232948
4883232948
4884232948
4885232948
4886232948
4887232948
4888232948
4889232948
4890232948
4891232948
4892232948
4893232948
4894232948
4895232948
4896232948
4897232948
4898232948
4899232948
4900232948
4901232948
4902232948
4903232948
4904232948
4905232948
4906232948
4907232948
4908232948
4909232948
4910232948
4911232948
4912232948
4913232948
4914232948
4915232948
4916232948
4917232948
4918232948
4919232948
4920232948
4921232948
4922232948
4923232948
4924232948
4925232948
4926232948
4927232948
4928232948
4929232948
4930232948
4931232948
4932232948
4933232948
4934232948
4935232948
4936232948
4937232948
4938232948
4939232948
4940232948
4941232948
4942232948
4943232948
4944232948
4945232948
4946232948
4947232948
4948232948
4949232948
4950232948
4951232948
4952232948
4953232948
4954232948
4955232948
4956232948
4957232948
4958232948
4959232948
4960232948
4961232948
4962232948
4963232948
4964232948
4965232948
4966232948
4967232948
4968232948
4969232948
4970232948
4971232948
4972232948
4973232948
4974232948
4975232948
4976232948
4977232948
4978232948
4979232948
4980232948
4981232948
4982232948
4983232948
4984232948
4985232948
4986232948
4987232948
4988232948
4989232948
4990232948
4991232948
4992232948
4993232948
4994232948
4995232948
4996232948
4997232948
4998232948
4999232948
5000232948
5001232948
5002232948
5003232948
5004232948
5005232948
5006232948
5007232948
5008232948
5009232948
5010232948
5011232948
5012232948
5013232948
5014232948
5015232948
5016232948
5017232948
5018232948
5019232948
5020232948
5021232948
5022232948
5023232948
5024232948
5025232948
5026232948
5027232948
5028232948
5029232948
5030232948
5031232948
5032232948
5033232948
5034232948
5035232948
5036232948
5037232948
5038232948
5039232948
5040232948
5041232948
5042232948
5043232948
5044232948
5045232948
5046232948
5047232948
5048232948
5049232948
5050232948
5051232948
5052232948
5053232948
5054232948
5055232948
5056232948
5057232948
5058232948
5059232948
5060232948
5061232948
5062232948
5063232948
5064232948
5065232948
5066232948
5067232948
5068232948
5069232948
5070232948
5071232948
5072232948
5073232948
5074232948
5075232948
5076232948
5077232948
5078232948
5079232948
5080232948
5081232948
5082232948
5083232948
5084232948
5085232948
5086232948
5087232948
5088232948
5089232948
5090232948
5091232948
5092232948
5093232948
5094232948
5095232948
5096232948
5097232948
5098232948
5099232948
5100232948
5101232948
5102232948
5103232948
5104232948
5105232948
5106232948
5107232948
5108232948
5109232948
5110232948
5111232948
5112232948
5113232948
5114232948
5115232948
5116232948
5117232948
5118232948
5119232948
5120232948
5121232948
5122232948
5123232948
5124232948
5125232948
5126232948
5127232948
5128232948
5129232948
5130232948
5131232948
5132232948
5133232948
5134232948
5135232948
5136232948
5137232948
5138232948
5139232948
5140232948
5141232948
5142232948
5143232948
5144232948
5145232948
5146232948
5147232948
5148232948
5149232948
5150232948
5151232948
5152232948
5153232948
5154232948
5155232948
5156232948
5157232948
5158232948
5159232948
5160232948
5161232948
5162232948
5163232948
5164232948
5165232948
5166232948
5167232948
5168232948
5169232948
5170232948
5171232948
5172232948
5173232948
5174232948
5175232948
5176232948
5177232948
5178232948
5179232948
5180232948
5181232948
5182232948
5183232948
5184232948
5185232948
5186232948
5187232948
5188232948
5189232948
5190232948
5191232948
5192232948
5193232948
5194232948
5195232948
5196232948
5197232948
5198232948
5199232948
5200232948
5201232948
5202232948
5203232948
5204232948
5205232948
5206232948
5207232948
5208232948
5209232948
5210232948
5211232948
5212232948
5213232948
5214232948
5215232948
5216232948
5217232948
5218232948
5219232948
5220232948
5221232948
5222232948
5223232948
5224232948
5225232948
5226232948
5227232948
5228232948
5229232948
5230232948
5231232948
5232232948
5233232948
5234232948
5235232948
5236232948
5237232948
5238232948
5239232948
5240232948
5241232948
5242232948
5243232948
5244232948
5245232948
5246232948
5247232948
5248232948
5249232948
5250232948
5251232948
5252232948
5253232948
5254232948
5255232948
5256232948
5257232948
5258232948
5259232948
5260232948
5261232948
5262232948
5263232948
5264232948
5265232948
5266232948
5267232948
5268232948
5269232948
5270232948
5271232948
5272232948
5273232948
5274232948
5275232948
5276232948
5277232948
5278232948
5279232948
5280232948
5281232948
5282232948
5283232948
5284232948
5285232948
5286232948
5287232948
5288232948
5289232948
5290232948
5291232948
5292232948
5293232948
5294232948
5295232948
5296232948
5297232948
5298232948
5299232948
5300232948
5301232948
5302232948
5303232948
5304232948
5305232948
5306232948
5307232948
5308232948
5309232948
5310232948
5311232948
5312232948
5313232948
5314232948
5315232948
5316232948
5317232948
5318232948
5319232948
5320232948
5321232948
5322232948
5323232948
5324232948
5325232948
5326232948
5327232948
5328232948
5329232948
5330232948
5331232948
5332232948
5333232948
5334232948
5335232948
5336232948
5337232948
5338232948
5339232948
5340232948
5341232948
5342232948
5343232948
5344232948
5345232948
5346232948
5347232948
5348232948
5349232948
5350232948
5351232948
5352232948
5353232948
5354232948
5355232948
5356232948
5357232948
5358232948
5359232948
5360232948
5361232948
5362232948
5363232948
5364232948
5365232948
5366232948
5367232948
5368232948
5369232948
5370232948
5371232948
5372232948
5373232948
5374232948
5375232948
5376232948
5377232948
5378232948
5379232948
5380232948
5381232948
5382232948
5383232948
5384232948
5385232948
5386232948
5387232948
5388232948
5389232948
5390232948
5391232948
5392232948
5393232948
5394232948
5395232948
5396232948
5397232948
5398232948
5399232948
5400232948
5401232948
5402232948
5403232948
5404232948
5405232948
5406232948
5407232948
5408232948
5409232948
5410232948
5411232948
5412232948
5413232948
5414232948
5415232948
5416232948
5417232948
5418232948
5419232948
5420232948
5421232948
5422232948
5423232948
5424232948
5425232948
5426232948
5427232948
5428232948
5429232948
5430232948
5431232948
5432232948
5433232948
5434232948
5435232948
5436232948
5437232948
5438232948
5439232948
5440232948
5441232948
5442232948
5443232948
5444232948
5445232948
5446232948
5447232948
5448232948
5449232948
5450232948
5451232948
5452232948
5453232948
5454232948
5455232948
5456232948
5457232948
5458232948
5459232948
5460232948
5461232948
5462232948
5463232948
5464232948
5465232948
5466232948
5467232948
5468232948
5469232948
5470232948
5471232948
5472232948
5473232948
5474232948
5475232948
5476232948
5477232948
5478232948
5479232948
5480232948
5481232948
5482232948
5483232948
5484232948
5485232948
5486232948
5487232948
5488232948
5489232948
5490232948
5491232948
5492232948
5493232948
5494232948
5495232948
5496232948
5497232948
5498232948
5499232948
5500232948
5501232948
5502232948
5503232948
5504232948
5505232948
5506232948
5507232948
5508232948
5509232948
5510232948
5511232948
5512232948
5513232948
5514232948
5515232948
5516232948
5517232948
5518232948
5519232948
5520232948
5521232948
5522232948
5523232948
5524232948
5525232948
5526232948
5527232948
5528232948
5529232948
5530232948
5531232948
5532232948
5533232948
5534232948
5535232948
5536232948
5537232948
5538232948
5539232948
5540232948
5541232948
5542232948
5543232948
5544232948
5545232948
5546232948
5547232948
5548232948
5549232948
5550232948
5551232948
5552232948
5553232948
5554232948
5555232948
5556232948
5557232948
5558232948
5559232948
5560232948
5561232948
5562232948
5563232948
5564232948
5565232948
5566232948
5567232948
5568232948
5569232948
5570232948
5571232948
5572232948
5573232948
5574232948
5575232948
5576232948
5577232948
5578232948
5579232948
5580232948
5581232948
5582232948
5583232948
5584232948
5585232948
5586232948
5587232948
5588232948
5589232948
5590232948
5591232948
5592232948
5593232948
5594232948
5595232948
5596232948
5597232948
5598232948
5599232948
5600232948
5601232948
5602232948
5603232948
5604232948
5605232948
5606232948
5607232948
5608232948
5609232948
5610232948
5611232948
5612232948
5613232948
5614232948
5615232948
5616232948
5617232948
5618232948
5619232948
5620232948
5621232948
5622232948
5623232948
5624232948
5625232948
5626232948
5627232948
5628232948
5629232948
5630232948
5631232948
5632232948
5633232948
5634232948
5635232948
5636232948
5637232948
5638232948
5639232948
5640232948
5641232948
5642232948
5643232948
5644232948
5645232948
5646232948
5647232948
5648232948
5649232948
5650232948
5651232948
5652232948
5653232948
5654232948
5655232948
5656232948
5657232948
5658232948
5659232948
5660232948
5661232948
5662232948
5663232948
5664232948
5665232948
5666232948
5667232948
5668232948
5669232948
5670232948
5671232948
5672232948
5673232948
5674232948
5675232948
5676232948
5677232948
5678232948
5679232948
5680232948
5681232948
5682232948
5683232948
5684232948
5685232948
5686232948
5687232948
5688232948
5689232948
5690232948
5691232948
5692232948
5693232948
5694232948
5695232948
5696232948
5697232948
5698232948
5699232948
5700232948
5701232948
5702232948
5703232948
5704232948
5705232948
5706232948
5707232948
5708232948
5709232948
5710232948
5711232948
5712232948
5713232948
5714232948
5715232948
5716232948
5717232948
5718232948
5719232948
5720232948
5721232948
5722232948
5723232948
5724232948
5725232948
5726232948
5727232948
5728232948
5729232948
5730232948
5731232948
5732232948
5733232948
5734232948
5735232948
5736232948
5737232948
5738232948
5739232948
5740232948
5741232948
5742232948
5743232948
5744232948
5745232948
5746232948
5747232948
5748232948
5749232948
5750232948
5751232948
5752232948
5753232948
5754232948
5755232948
5756232948
5757232948
5758232948
5759232948
5760232948
5761232948
5762232948
5763232948
5764232948
5765232948
5766232948
5767232948
5768232948
5769232948
5770232948
5771232948
5772232948
5773232948
5774232948
5775232948
5776232948
5777232948
5778232948
5779232948
5780232948
5781232948
5782232948
5783232948
5784232948
5785232948
5786232948
5787232948
5788232948
5789232948
5790232948
5791232948
5792232948
5793232948
5794232948
5795232948
5796232948
5797232948
5798232948
5799232948
5800232948
5801232948
5802232948
5803232948
5804232948
5805232948
5806232948
5807232948
5808232948
5809232948
5810232948
5811232948
5812232948
5813232948
5814232948
5815232948
5816232948
5817232948
5818232948
5819232948
5820232948
5821232948
5822232948
5823232948
5824232948
5825232948
5826232948
5827232948
5828232948
5829232948
5830232948
5831232948
5832232948
5833232948
5834232948
5835232948
5836232948
5837232948
5838232948
5839232948
5840232948
5841232948
5842232948
5843232948
5844232948
5845232948
5846232948
5847232948
5848232948
5849232948
5850232948
5851232948
5852232948
5853232948
5854232948
5855232948
5856232948
5857232948
5858232948
5859232948
5860232948
5861232948
5862232948
5863232948
5864232948
5865232948
5866232948
5867232948
5868232948
5869232948
5870232948
5871232948
5872232948
5873232948
5874232948
5875232948
5876232948
5877232948
5878232948
5879232948
5880232948
5881232948
5882232948
5883232948
5884232948
5885232948
5886232948
5887232948
5888232948
5889232948
5890232948
5891232948
5892232948
5893232948
5894232948
5895232948
5896232948
5897232948
5898232948
5899232948
5900232948
5901232948
5902232948
5903232948
5904232948
5905232948
5906232948
5907232948
5908232948
5909232948
5910232948
5911232948
5912232948
5913232948
5914232948
5915232948
5916232948
5917232948
5918232948
5919232948
5920232948
5921232948
5922232948
5923232948
5924232948
5925232948
5926232948
5927232948
5928232948
5929232948
5930232948
5931232948
5932232948
5933232948
5934232948
5935232948
5936232948
5937232948
5938232948
5939232948
5940232948
5941232948
5942232948
5943232948
5944232948
5945232948
5946232948
5947232948
5948232948
5949232948
5950232948
5951232948
5952232948
5953232948
5954232948
5955232948
5956232948
5957232948
5958232948
5959232948
5960232948
5961232948
5962232948
5963232948
5964232948
5965232948
5966232948
5967232948
5968232948
5969232948
5970232948
5971232948
5972232948
5973232948
5974232948
5975232948
5976232948
5977232948
5978232948
5979232948
5980232948
5981232948
5982232948
5983232948
5984232948
5985232948
5986232948
5987232948
5988232948
5989232948
5990232948
5991232948
5992232948
5993232948
5994232948
5995232948
5996232948
5997232948
5998232948
5999232948
6000232948
6001232948
6002232948
6003232948
6004232948
6005232948
6006232948
6007232948
6008232948
6009232948
6010232948
6011232948
6012232948
6013232948
6014232948
6015232948
6016232948
6017232948
6018232948
6019232948
6020232948
6021232948
6022232948
6023232948
6024232948
6025232948
6026232948
6027232948
6028232948
6029232948
6030232948
6031232948
6032232948
6033232948
6034232948
6035232948
6036232948
6037232948
6038232948
6039232948
6040232948
6041232948
6042232948
6043232948
6044232948
6045232948
6046232948
6047232948
6048232948
6049232948
6050232948
6051232948
6052232948
6053232948
6054232948
6055232948
6056232948
6057232948
6058232948
6059232948
6060232948
6061232948
6062232948
6063232948
6064232948
6065232948
6066232948
6067232948
6068232948
6069232948
6070232948
6071232948
6072232948
6073232948
6074232948
6075232948
6076232948
6077232948
6078232948
6079232948
6080232948
6081232948
6082232948
6083232948
6084232948
6085232948
6086232948
6087232948
6088232948
6089232948
6090232948
6091232948
6092232948
6093232948
6094232948
6095232948
6096232948
6097232948
6098232948
6099232948
6100232948
6101232948
6102232948
6103232948
6104232948
6105232948
6106232948
6107232948
6108232948
6109232948
6110232948
6111232948
6112232948
6113232948
6114232948
6115232948
6116232948
6117232948
6118232948
6119232948
6120232948
6121232948
6122232948
6123232948
6124232948
6125232948
6126232948
6127232948
6128232948
6129232948
6130232948
6131232948
6132232948
6133232948
6134232948
6135232948
6136232948
6137232948
6138232948
6139232948
6140232948
6141232948
6142232948
6143232948
6144232948
6145232948
6146232948
6147232948
6148232948
6149232948
6150232948
6151232948
6152232948
6153232948
6154232948
6155232948
6156232948
6157232948
6158232948
6159232948
6160232948
6161232948
6162232948
6163232948
6164232948
6165232948
6166232948
6167232948
6168232948
6169232948
6170232948
6171232948
6172232948
6173232948
6174232948
6175232948
6176232948
6177232948
6178232948
6179232948
6180232948
6181232948
6182232948
6183232948
6184232948
6185232948
6186232948
6187232948
6188232948
6189232948
6190232948
6191232948
6192232948
6193232948
6194232948
6195232948
6196232948
6197232948
6198232948
6199232948
6200232948
6201232948
6202232948
6203232948
6204232948
6205232948
6206232948
6207232948
6208232948
6209232948
6210232948
6211232948
6212232948
6213232948
6214232948
6215232948
6216232948
6217232948
6218232948
6219232948
6220232948
6221232948
6222232948
6223232948
6224232948
6225232948
6226232948
6227232948
6228232948
6229232948
6230232948
6231232948
6232232948
6233232948
6234232948
6235232948
6236232948
6237232948
6238232948
6239232948
6240232948
6241232948
6242232948
6243232948
6244232948
6245232948
6246232948
6247232948
6248232948
6249232948
6250232948
6251232948
6252232948
6253232948
6254232948
6255232948
6256232948
6257232948
6258232948
6259232948
6260232948
6261232948
6262232948
6263232948
6264232948
6265232948
6266232948
6267232948
6268232948
6269232948
6270232948
6271232948
6272232948
6273232948
6274232948
6275232948
6276232948
6277232948
6278232948
6279232948
6280232948
6281232948
6282232948
6283232948
6284232948
6285232948
6286232948
6287232948
6288232948
6289232948
6290232948
6291232948
6292232948
6293232948
6294232948
6295232948
6296232948
6297232948
6298232948
6299232948
6300232948
6301232948
6302232948
6303232948
6304232948
6305232948
6306232948
6307232948
6308232948
6309232948
6310232948
6311232948
6312232948
6313232948
6314232948
6315232948
6316232948
6317232948
6318232948
6319232948
6320232948
6321232948
6322232948
6323232948
6324232948
6325232948
6326232948
6327232948
6328232948
6329232948
6330232948
6331232948
6332232948
6333232948
6334232948
6335232948
6336232948
6337232948
6338232948
6339232948
6340232948
6341232948
6342232948
6343232948
6344232948
6345232948
6346232948
6347232948
6348232948
6349232948
6350232948
6351232948
6352232948
6353232948
6354232948
6355232948
6356232948
6357232948
6358232948
6359232948
6360232948
6361232948
6362232948
6363232948
6364232948
6365232948
6366232948
6367232948
6368232948
6369232948
6370232948
6371232948
6372232948
6373232948
6374232948
6375232948
6376232948
6377232948
6378232948
6379232948
6380232948
6381232948
6382232948
6383232948
6384232948
6385232948
6386232948
6387232948
6388232948
6389232948
6390232948
6391232948
6392232948
6393232948
6394232948
6395232948
6396232948
6397232948
6398232948
6399232948
6400232948
6401232948
6402232948
6403232948
6404232948
6405232948
6406232948
6407232948
6408232948
6409232948
6410232948
6411232948
6412232948
6413232948
6414232948
6415232948
6416232948
6417232948
6418232948
6419232948
6420232948
6421232948
6422232948
6423232948
6424232948
6425232948
6426232948
6427232948
6428232948
6429232948
6430232948
6431232948
6432232948
6433232948
6434232948
6435232948
6436232948
6437232948
6438232948
6439232948
6440232948
6441232948
6442232948
6443232948
6444232948
6445232948
6446232948
6447232948
6448232948
6449232948
6450232948
6451232948
6452232948
6453232948
6454232948
6455232948
6456232948
6457232948
6458232948
6459232948
6460232948
6461232948
6462232948
6463232948
6464232948
6465232948
6466232948
6467232948
6468232948
6469232948
6470232948
6471232948
6472232948
6473232948
6474232948
6475232948
6476232948
6477232948
6478232948
6479232948
6480232948
6481232948
6482232948
6483232948
6484232948
6485232948
6486232948
6487232948
6488232948
6489232948
6490232948
6491232948
6492232948
6493232948
6494232948
6495232948
6496232948
6497232948
6498232948
6499232948
6500232948
6501232948
6502232948
6503232948
6504232948
6505232948
6506232948
6507232948
6508232948
6509232948
6510232948
6511232948
6512232948
6513232948
6514232948
6515232948
6516232948
6517232948
6518232948
6519232948
6520232948
6521232948
6522232948
6523232948
6524232948
6525232948
6526232948
6527232948
6528232948
6529232948
6530232948
6531232948
6532232948
6533232948
6534232948
6535232948
6536232948
6537232948
6538232948
6539232948
6540232948
6541232948
6542232948
6543232948
6544232948
6545232948
6546232948
6547232948
6548232948
6549232948
6550232948
6551232948
6552232948
6553232948
6554232948
6555232948
6556232948
6557232948
6558232948
6559232948
6560232948
6561232948
6562232948
6563232948
6564232948
6565232948
6566232948
6567232948
6568232948
6569232948
6570232948
6571232948
6572232948
6573232948
6574232948
6575232948
6576232948
6577232948
6578232948
6579232948
6580232948
6581232948
6582232948
6583232948
6584232948
6585232948
6586232948
6587232948
6588232948
6589232948
6590232948
6591232948
6592232948
6593232948
6594232948
6595232948
6596232948
6597232948
6598232948
6599232948
6600232948
6601232948
6602232948
6603232948
6604232948
6605232948
6606232948
6607232948
6608232948
6609232948
6610232948
6611232948
6612232948
6613232948
6614232948
6615232948
6616232948
6617232948
6618232948
6619232948
6620232948
6621232948
6622232948
6623232948
6624232948
6625232948
6626232948
6627232948
6628232948
6629232948
6630232948
6631232948
6632232948
6633232948
6634232948
6635232948
6636232948
6637232948
6638232948
6639232948
6640232948
6641232948
6642232948
6643232948
6644232948
6645232948
6646232948
6647232948
6648232948
6649232948
6650232948
6651232948
6652232948
6653232948
6654232948
6655232948
6656232948
6657232948
6658232948
6659232948
6660232948
6661232948
6662232948
6663232948
6664232948
6665232948
6666232948
6667232948
6668232948
6669232948
6670232948
6671232948
6672232948
6673232948
6674232948
6675232948
6676232948
6677232948
6678232948
6679232948
6680232948
6681232948
6682232948
6683232948
6684232948
6685232948
6686232948
6687232948
6688232948
6689232948
6690232948
6691232948
6692232948
6693232948
6694232948
6695232948
6696232948
6697232948
6698232948
6699232948
6700232948
6701232948
6702232948
6703232948
6704232948
6705232948
6706232948
6707232948
6708232948
6709232948
6710232948
6711232948
6712232948
6713232948
6714232948
6715232948
6716232948
6717232948
6718232948
6719232948
6720232948
6721232948
6722232948
6723232948
6724232948
6725232948
6726232948
6727232948
6728232948
6729232948
6730232948
6731232948
6732232948
6733232948
6734232948
6735232948
6736232948
6737232948
6738232948
6739232948
6740232948
6741232948
6742232948
6743232948
6744232948
6745232948
6746232948
6747232948
6748232948
6749232948
6750232948
6751232948
6752232948
6753232948
6754232948
6755232948
6756232948
6757232948
6758232948
6759232948
6760232948
6761232948
6762232948
6763232948
6764232948
6765232948
6766232948
6767232948
6768232948
6769232948
6770232948
6771232948
6772232948
6773232948
6774232948
6775232948
6776232948
6777232948
6778232948
6779232948
6780232948
6781232948
6782232948
6783232948
6784232948
6785232948
6786232948
6787232948
6788232948
6789232948
6790232948
6791232948
6792232948
6793232948
6794232948
6795232948
6796232948
6797232948
6798232948
6799232948
6800232948
6801232948
6802232948
6803232948
6804232948
6805232948
6806232948
6807232948
6808232948
6809232948
6810232948
6811232948
6812232948
6813232948
6814232948
6815232948
6816232948
6817232948
6818232948
6819232948
6820232948
6821232948
6822232948
6823232948
6824232948
6825232948
6826232948
6827232948
6828232948
6829232948
6830232948
6831232948
6832232948
6833232948
6834232948
6835232948
6836232948
6837232948
6838232948
6839232948
6840232948
6841232948
6842232948
6843232948
6844232948
6845232948
6846232948
6847232948
6848232948
6849232948
6850232948
6851232948
6852232948
6853232948
6854232948
6855232948
6856232948
6857232948
6858232948
6859232948
6860232948
6861232948
6862232948
6863232948
6864232948
6865232948
6866232948
6867232948
6868232948
6869232948
6870232948
6871232948
6872232948
6873232948
6874232948
6875232948
6876232948
6877232948
6878232948
6879232948
6880232948
6881232948
6882232948
6883232948
6884232948
6885232948
6886232948
6887232948
6888232948
6889232948
6890232948
6891232948
6892232948
6893232948
6894232948
6895232948
6896232948
6897232948
6898232948
6899232948
6900232948
6901232948
6902232948
6903232948
6904232948
6905232948
6906232948
6907232948
6908232948
6909232948
6910232948
6911232948
6912232948
6913232948
6914232948
6915232948
6916232948
6917232948
6918232948
6919232948
6920232948
6921232948
6922232948
6923232948
6924232948
6925232948
6926232948
6927232948
6928232948
6929232948
6930232948
6931232948
6932232948
6933232948
6934232948
6935232948
6936232948
6937232948
6938232948
6939232948
6940232948
6941232948
6942232948
6943232948
6944232948
6945232948
6946232948
6947232948
6948232948
6949232948
6950232948
6951232948
6952232948
6953232948
6954232948
6955232948
6956232948
6957232948
6958232948
6959232948
6960232948
6961232948
6962232948
6963232948
6964232948
6965232948
6966232948
6967232948
6968232948
6969232948
6970232948
6971232948
6972232948
6973232948
6974232948
6975232948
6976232948
6977232948
6978232948
6979232948
6980232948
6981232948
6982232948
6983232948
6984232948
6985232948
6986232948
6987232948
6988232948
6989232948
6990232948
6991232948
6992232948
6993232948
6994232948
6995232948
6996232948
6997232948
6998232948
6999232948
7000232948
7001232948
7002232948
7003232948
7004232948
7005232948
7006232948
7007232948
7008232948
7009232948
7010232948
7011232948
7012232948
7013232948
7014232948
7015232948
7016232948
7017232948
7018232948
7019232948
7020232948
7021232948
7022232948
7023232948
7024232948
7025232948
7026232948
7027232948
7028232948
7029232948
7030232948
7031232948
7032232948
7033232948
7034232948
7035232948
7036232948
7037232948
7038232948
7039232948
7040232948
